-30.0000 0.0000 0.0000 0.8536 -0.1464 0.3536 -0.3536
-30.0398 0.0408 -0.2768 0.8505 -0.1552 0.3732 -0.3367
-30.0797 0.0816 -0.5535 0.8467 -0.1639 0.3925 -0.3196
-30.1195 0.1224 -0.8303 0.8424 -0.1724 0.4115 -0.3023
-30.1594 0.1633 -1.1070 0.8374 -0.1808 0.4302 -0.2847
-30.1793 0.1837 -1.2454 0.8346 -0.1849 0.4394 -0.2758
-30.1992 0.2041 -1.3838 0.8317 -0.1891 0.4486 -0.2669
-30.2390 0.2449 -1.6605 0.8255 -0.1972 0.4666 -0.2489
-30.2789 0.2857 -1.9373 0.8186 -0.2051 0.4843 -0.2307
-30.3187 0.3265 -2.2140 0.8111 -0.2130 0.5017 -0.2124
-30.3386 0.3469 -2.3524 0.8071 -0.2168 0.5102 -0.2032
-30.3585 0.3673 -2.4908 0.8030 -0.2206 0.5186 -0.1939
-30.3984 0.4082 -2.7676 0.7943 -0.2281 0.5352 -0.1752
-30.4382 0.4490 -3.0443 0.7849 -0.2354 0.5513 -0.1564
-30.4781 0.4898 -3.3211 0.7750 -0.2426 0.5671 -0.1375
-30.5179 0.5306 -3.5978 0.7645 -0.2495 0.5824 -0.1185
-30.5577 0.5714 -3.8746 0.7535 -0.2563 0.5973 -0.0994
-30.5976 0.6122 -4.1513 0.7418 -0.2629 0.6117 -0.0802
-30.7900 0.5188 -4.5457 0.7192 -0.2941 0.6280 -0.0437
-30.9426 0.3845 -4.6632 0.7080 -0.3186 0.6297 -0.0264
-31.0190 0.3173 -4.7220 0.7022 -0.3307 0.6303 -0.0177
-31.0953 0.2502 -4.7808 0.6961 -0.3428 0.6307 -0.0090
-31.2479 0.1159 -4.8984 0.6835 -0.3667 0.6311 0.0083
-31.3242 0.0487 -4.9572 0.6770 -0.3784 0.6310 0.0170
-31.4005 -0.0184 -5.0159 0.6702 -0.3901 0.6308 0.0257
-31.5531 -0.1527 -5.1335 0.6562 -0.4132 0.6299 0.0430
-31.7057 -0.2870 -5.2511 0.6415 -0.4359 0.6284 0.0603
-31.8583 -0.4213 -5.3686 0.6262 -0.4580 0.6262 0.0776
-31.9346 -0.4884 -5.4274 0.6183 -0.4690 0.6248 0.0861
-32.0110 -0.5556 -5.4862 0.6102 -0.4798 0.6233 0.0947
-32.1636 -0.6899 -5.6038 0.5936 -0.5010 0.6198 0.1118
-32.2399 -0.7570 -5.6626 0.5850 -0.5114 0.6178 0.1202
-32.3162 -0.8242 -5.7214 0.5763 -0.5217 0.6157 0.1287
-32.4688 -0.9584 -5.8389 0.5585 -0.5419 0.6109 0.1455
-32.5451 -1.0256 -5.8977 0.5494 -0.5518 0.6083 0.1538
-32.6214 -1.0927 -5.9565 0.5401 -0.5615 0.6055 0.1622
-32.7740 -1.2270 -6.0741 0.5212 -0.5806 0.5995 0.1786
-32.9266 -1.3613 -6.1916 0.5017 -0.5990 0.5929 0.1949
-32.6861 -1.6318 -7.0136 -0.4768 0.6200 -0.5856 -0.2130
-32.4895 -1.6999 -7.3657 -0.4743 0.6215 -0.5856 -0.2140
-32.2930 -1.7680 -7.7179 -0.4718 0.6231 -0.5856 -0.2149
-32.0964 -1.8361 -8.0701 -0.4694 0.6246 -0.5856 -0.2159
-31.8998 -1.9042 -8.4223 -0.4669 0.6262 -0.5856 -0.2168
-31.5067 -2.0403 -9.1266 -0.4619 0.6292 -0.5855 -0.2188
-31.3101 -2.1084 -9.4788 -0.4594 0.6307 -0.5855 -0.2197
-31.1136 -2.1765 -9.8310 -0.4569 0.6323 -0.5855 -0.2207
-30.9170 -2.2446 -10.1832 -0.4544 0.6338 -0.5854 -0.2216
-30.7204 -2.3127 -10.5353 -0.4519 0.6353 -0.5854 -0.2226
-30.5239 -2.3808 -10.8875 -0.4494 0.6368 -0.5853 -0.2235
-30.3273 -2.4489 -11.2397 -0.4469 0.6383 -0.5852 -0.2245
-29.9341 -2.5851 -11.9440 -0.4419 0.6412 -0.5851 -0.2264
-29.7376 -2.6531 -12.2962 -0.4394 0.6427 -0.5850 -0.2273
-29.5410 -2.7212 -12.6484 -0.4369 0.6442 -0.5849 -0.2282
-29.3444 -2.7893 -13.0006 -0.4343 0.6456 -0.5848 -0.2292
-29.1479 -2.8574 -13.3527 -0.4318 0.6471 -0.5847 -0.2301
-28.9513 -2.9255 -13.7049 -0.4293 0.6485 -0.5846 -0.2310
-28.7547 -2.9936 -14.0571 -0.4267 0.6500 -0.5845 -0.2320
-28.3616 -3.1298 -14.7614 -0.4216 0.6528 -0.5843 -0.2338
-28.1650 -3.1979 -15.1136 -0.4191 0.6543 -0.5842 -0.2347
-27.9685 -3.2660 -15.4658 -0.4165 0.6557 -0.5840 -0.2356
-27.7719 -3.3341 -15.8180 -0.4139 0.6571 -0.5839 -0.2366
-27.5753 -3.4021 -16.1702 -0.4114 0.6585 -0.5837 -0.2375
-27.3787 -3.4702 -16.5223 -0.4088 0.6599 -0.5836 -0.2384
-27.1822 -3.5383 -16.8745 -0.4062 0.6613 -0.5834 -0.2393
-26.1104 -3.4335 -17.4726 -0.3829 0.6628 -0.5885 -0.2603
-25.7711 -3.3129 -17.4195 -0.3737 0.6620 -0.5910 -0.2699
-25.4318 -3.1924 -17.3664 -0.3645 0.6610 -0.5934 -0.2794
-25.0925 -3.0719 -17.3133 -0.3551 0.6600 -0.5957 -0.2888
-24.7532 -2.9513 -17.2602 -0.3457 0.6588 -0.5979 -0.2982
-24.0746 -2.7103 -17.1539 -0.3268 0.6561 -0.6020 -0.3168
-23.7353 -2.5898 -17.1008 -0.3172 0.6545 -0.6039 -0.3261
-23.3960 -2.4692 -17.0477 -0.3076 0.6528 -0.6056 -0.3352
-22.7174 -2.2282 -16.9414 -0.2881 0.6492 -0.6088 -0.3534
-22.3781 -2.1077 -16.8883 -0.2784 0.6471 -0.6103 -0.3624
-22.0388 -1.9871 -16.8352 -0.2685 0.6450 -0.6116 -0.3713
-21.3601 -1.7461 -16.7290 -0.2487 0.6404 -0.6139 -0.3889
-21.0208 -1.6256 -16.6759 -0.2387 0.6379 -0.6148 -0.3976
-20.6815 -1.5050 -16.6227 -0.2287 0.6353 -0.6157 -0.4062
-20.0029 -1.2640 -16.5165 -0.2085 0.6297 -0.6171 -0.4233
-19.6636 -1.1434 -16.4634 -0.1983 0.6268 -0.6176 -0.4317
-19.3243 -1.0229 -16.4103 -0.1881 0.6237 -0.6181 -0.4400
-18.6457 -0.7819 -16.3040 -0.1677 0.6172 -0.6186 -0.4564
-18.3064 -0.6613 -16.2509 -0.1574 0.6138 -0.6186 -0.4645
-17.9671 -0.5408 -16.1978 -0.1471 0.6103 -0.6186 -0.4725
-17.2885 -0.2998 -16.0916 -0.1264 0.6029 -0.6182 -0.4882
-16.9492 -0.1792 -16.0384 -0.1160 0.5991 -0.6178 -0.4959
-16.6099 -0.0587 -15.9853 -0.1056 0.5951 -0.6173 -0.5035
-15.3704 -0.4122 -16.1544 -0.0664 0.5912 -0.6196 -0.5120
-15.0900 -0.7095 -16.2921 -0.0573 0.5933 -0.6213 -0.5086
-14.8096 -1.0068 -16.4297 -0.0481 0.5953 -0.6230 -0.5052
-14.5291 -1.3041 -16.5674 -0.0390 0.5972 -0.6246 -0.5017
-14.2487 -1.6014 -16.7050 -0.0298 0.5991 -0.6261 -0.4982
-13.9683 -1.8987 -16.8427 -0.0206 0.6009 -0.6275 -0.4946
-13.6879 -2.1960 -16.9804 -0.0115 0.6027 -0.6289 -0.4910
-13.4075 -2.4933 -17.1180 -0.0023 0.6044 -0.6303 -0.4873
-13.1271 -2.7906 -17.2557 0.0069 0.6060 -0.6315 -0.4836
-12.8466 -3.0879 -17.3933 0.0160 0.6076 -0.6327 -0.4798
-12.5662 -3.3852 -17.5310 0.0252 0.6091 -0.6338 -0.4760
-12.2858 -3.6825 -17.6687 0.0344 0.6106 -0.6349 -0.4721
-12.0054 -3.9798 -17.8063 0.0435 0.6120 -0.6359 -0.4682
-11.4445 -4.5744 -18.0816 0.0618 0.6146 -0.6377 -0.4602
-11.1641 -4.8717 -18.2193 0.0710 0.6158 -0.6385 -0.4562
-10.8837 -5.1690 -18.3570 0.0801 0.6169 -0.6393 -0.4520
-10.6033 -5.4663 -18.4946 0.0892 0.6180 -0.6399 -0.4479
-10.3229 -5.7636 -18.6323 0.0984 0.6190 -0.6405 -0.4437
-10.0425 -6.0609 -18.7699 0.1075 0.6200 -0.6411 -0.4394
-9.7620 -6.3582 -18.9076 0.1166 0.6208 -0.6416 -0.4352
-9.2012 -6.9528 -19.1829 0.1347 0.6224 -0.6423 -0.4264
-8.9208 -7.2500 -19.3206 0.1438 0.6231 -0.6426 -0.4220
-8.6404 -7.5473 -19.4582 0.1528 0.6238 -0.6428 -0.4176
-8.3599 -7.8446 -19.5959 0.1619 0.6243 -0.6430 -0.4130
-8.0795 -8.1419 -19.7335 0.1709 0.6248 -0.6431 -0.4085
-7.7991 -8.4392 -19.8712 0.1799 0.6253 -0.6431 -0.4039
-7.5187 -8.7365 -20.0089 0.1888 0.6256 -0.6430 -0.3993
-6.1794 -8.9769 -20.3559 -0.2172 -0.6386 0.6113 0.4138
-5.7902 -8.7997 -20.3917 -0.2223 -0.6444 0.5952 0.4255
-5.4010 -8.6226 -20.4276 -0.2273 -0.6499 0.5788 0.4370
-5.0118 -8.4455 -20.4634 -0.2322 -0.6551 0.5621 0.4483
-4.6226 -8.2684 -20.4992 -0.2370 -0.6600 0.5452 0.4594
-4.2334 -8.0913 -20.5351 -0.2417 -0.6645 0.5280 0.4703
-3.8442 -7.9141 -20.5709 -0.2463 -0.6688 0.5106 0.4810
-3.4550 -7.7370 -20.6068 -0.2507 -0.6728 0.4929 0.4914
-3.0657 -7.5599 -20.6426 -0.2551 -0.6765 0.4751 0.5016
-2.6765 -7.3828 -20.6785 -0.2593 -0.6798 0.4570 0.5116
-2.2873 -7.2056 -20.7143 -0.2634 -0.6829 0.4387 0.5214
-1.8981 -7.0285 -20.7501 -0.2674 -0.6856 0.4202 0.5309
-1.5089 -6.8514 -20.7860 -0.2713 -0.6880 0.4015 0.5402
-0.5851 -5.6026 -20.6084 -0.2712 -0.6938 0.3482 0.5691
-0.5124 -5.1552 -20.4838 -0.2674 -0.6946 0.3404 0.5745
-0.4397 -4.7079 -20.3591 -0.2636 -0.6954 0.3326 0.5799
-0.3670 -4.2606 -20.2345 -0.2598 -0.6961 0.3248 0.5852
-0.2944 -3.8133 -20.1099 -0.2559 -0.6967 0.3169 0.5905
-0.2217 -3.3660 -19.9852 -0.2520 -0.6972 0.3091 0.5957
-0.1490 -2.9187 -19.8606 -0.2481 -0.6977 0.3011 0.6008
-0.0763 -2.4714 -19.7359 -0.2442 -0.6981 0.2932 0.6059
-0.0036 -2.0241 -19.6113 -0.2402 -0.6984 0.2852 0.6109
0.0691 -1.5768 -19.4867 -0.2362 -0.6986 0.2772 0.6158
0.1418 -1.1295 -19.3620 -0.2322 -0.6988 0.2691 0.6207
0.2144 -0.6822 -19.2374 -0.2282 -0.6989 0.2611 0.6255
0.2871 -0.2349 -19.1128 -0.2241 -0.6989 0.2530 0.6303
0.3598 0.2124 -18.9881 -0.2200 -0.6989 0.2448 0.6350
0.4325 0.6597 -18.8635 -0.2159 -0.6988 0.2367 0.6396
0.5052 1.1070 -18.7389 -0.2118 -0.6986 0.2285 0.6441
0.5779 1.5543 -18.6142 -0.2077 -0.6983 0.2203 0.6486
0.6506 2.0016 -18.4896 -0.2035 -0.6980 0.2121 0.6530
0.7232 2.4489 -18.3650 -0.1993 -0.6976 0.2039 0.6574
0.7959 2.8962 -18.2403 -0.1951 -0.6971 0.1956 0.6616
0.8686 3.3435 -18.1157 -0.1908 -0.6965 0.1873 0.6658
0.9413 3.7908 -17.9910 -0.1866 -0.6959 0.1790 0.6700
1.0140 4.2381 -17.8664 -0.1823 -0.6952 0.1707 0.6740
1.0867 4.6855 -17.7418 -0.1780 -0.6944 0.1623 0.6780
1.1594 5.1328 -17.6171 -0.1737 -0.6936 0.1540 0.6820
1.2320 5.5801 -17.4925 -0.1694 -0.6926 0.1456 0.6858
1.3047 6.0274 -17.3679 -0.1650 -0.6916 0.1372 0.6896
1.3774 6.4747 -17.2432 -0.1607 -0.6906 0.1288 0.6933
1.4501 6.9220 -17.1186 -0.1563 -0.6894 0.1204 0.6970
1.5228 7.3693 -16.9940 -0.1519 -0.6882 0.1119 0.7005
1.5420 8.5087 -16.3158 0.1383 0.6888 -0.0847 -0.7065
1.5153 8.8548 -16.0391 0.1337 0.6897 -0.0752 -0.7077
1.4885 9.2009 -15.7623 0.1291 0.6904 -0.0658 -0.7088
1.4618 9.5470 -15.4856 0.1244 0.6911 -0.0563 -0.7097
1.4351 9.8931 -15.2089 0.1198 0.6917 -0.0469 -0.7106
1.4083 10.2391 -14.9321 0.1151 0.6922 -0.0374 -0.7115
1.3816 10.5852 -14.6554 0.1104 0.6927 -0.0279 -0.7122
1.3549 10.9313 -14.3786 0.1057 0.6930 -0.0185 -0.7129
1.3281 11.2774 -14.1019 0.1010 0.6933 -0.0090 -0.7135
1.3014 11.6234 -13.8251 0.0963 0.6935 0.0005 -0.7140
1.2747 11.9695 -13.5484 0.0916 0.6937 0.0099 -0.7144
1.2479 12.3156 -13.2716 0.0868 0.6937 0.0194 -0.7147
1.2212 12.6617 -12.9949 0.0821 0.6937 0.0289 -0.7150
1.1677 13.3538 -12.4414 0.0726 0.6934 0.0478 -0.7153
1.1410 13.6999 -12.1647 0.0678 0.6931 0.0573 -0.7153
1.1143 14.0460 -11.8879 0.0630 0.6928 0.0667 -0.7153
1.0875 14.3921 -11.6112 0.0582 0.6924 0.0762 -0.7151
1.0608 14.7382 -11.3344 0.0534 0.6919 0.0856 -0.7149
1.0341 15.0842 -11.0577 0.0486 0.6913 0.0950 -0.7146
1.0073 15.4303 -10.7810 0.0438 0.6907 0.1044 -0.7142
0.9806 15.7764 -10.5042 0.0390 0.6900 0.1138 -0.7138
0.9539 16.1225 -10.2275 0.0342 0.6892 0.1232 -0.7132
0.9271 16.4685 -9.9507 0.0294 0.6883 0.1326 -0.7126
0.9004 16.8146 -9.6740 0.0245 0.6873 0.1420 -0.7119
0.8737 17.1607 -9.3972 0.0197 0.6863 0.1513 -0.7112
0.8469 17.5068 -9.1205 0.0149 0.6852 0.1606 -0.7103
0.8202 17.8529 -8.8437 0.0100 0.6840 0.1699 -0.7094
0.7935 18.1989 -8.5670 0.0052 0.6827 0.1792 -0.7083
0.8729 18.9625 -7.5531 0.0069 -0.6835 -0.2062 0.7002
1.0058 19.0340 -7.0926 0.0094 -0.6869 -0.2145 0.6943
1.1387 19.1055 -6.6321 0.0119 -0.6902 -0.2229 0.6883
1.2716 19.1769 -6.1717 0.0144 -0.6935 -0.2312 0.6822
1.4045 19.2484 -5.7112 0.0169 -0.6967 -0.2395 0.6760
1.5374 19.3198 -5.2508 0.0194 -0.6998 -0.2478 0.6697
1.6703 19.3913 -4.7903 0.0219 -0.7028 -0.2561 0.6634
1.8033 19.4627 -4.3299 0.0244 -0.7057 -0.2643 0.6570
1.9362 19.5342 -3.8694 0.0268 -0.7085 -0.2724 0.6505
2.0691 19.6056 -3.4090 0.0293 -0.7112 -0.2806 0.6439
2.2020 19.6771 -2.9485 0.0318 -0.7139 -0.2887 0.6372
2.3349 19.7485 -2.4880 0.0343 -0.7164 -0.2968 0.6304
2.4678 19.8200 -2.0276 0.0367 -0.7189 -0.3048 0.6236
2.6007 19.8915 -1.5671 0.0392 -0.7213 -0.3128 0.6167
2.7336 19.9629 -1.1067 0.0416 -0.7236 -0.3208 0.6097
2.8665 20.0344 -0.6462 0.0441 -0.7258 -0.3287 0.6027
2.9994 20.1058 -0.1858 0.0465 -0.7279 -0.3366 0.5956
3.1323 20.1773 0.2747 0.0490 -0.7299 -0.3444 0.5883
3.2652 20.2487 0.7352 0.0514 -0.7319 -0.3522 0.5811
3.3981 20.3202 1.1956 0.0538 -0.7337 -0.3600 0.5737
3.5310 20.3916 1.6561 0.0563 -0.7355 -0.3677 0.5663
3.6639 20.4631 2.1165 0.0587 -0.7372 -0.3753 0.5588
3.7968 20.5345 2.5770 0.0611 -0.7387 -0.3830 0.5513
3.9297 20.6060 3.0374 0.0635 -0.7402 -0.3905 0.5436
4.0627 20.6775 3.4979 0.0659 -0.7416 -0.3981 0.5359
4.1956 20.7489 3.9583 0.0683 -0.7429 -0.4055 0.5282
4.3285 20.8204 4.4188 0.0706 -0.7441 -0.4130 0.5204
4.4614 20.8918 4.8793 0.0730 -0.7452 -0.4203 0.5125
4.5943 20.9633 5.3397 0.0753 -0.7463 -0.4276 0.5045
4.7272 21.0347 5.8002 0.0777 -0.7472 -0.4349 0.4965
4.8601 21.1062 6.2606 0.0800 -0.7480 -0.4421 0.4884
5.1187 21.1697 6.2215 0.0765 -0.7439 -0.4572 0.4814
5.2444 21.1617 5.7220 0.0706 -0.7389 -0.4650 0.4825
5.3701 21.1537 5.2224 0.0647 -0.7338 -0.4728 0.4835
5.4959 21.1457 4.7228 0.0588 -0.7286 -0.4805 0.4845
5.6216 21.1378 4.2233 0.0529 -0.7234 -0.4882 0.4854
5.7473 21.1298 3.7237 0.0470 -0.7180 -0.4958 0.4862
5.8730 21.1218 3.2242 0.0411 -0.7126 -0.5034 0.4870
5.9987 21.1138 2.7246 0.0351 -0.7071 -0.5109 0.4877
6.1244 21.1059 2.2250 0.0292 -0.7015 -0.5183 0.4884
6.2502 21.0979 1.7255 0.0233 -0.6958 -0.5256 0.4890
6.3759 21.0899 1.2259 0.0173 -0.6900 -0.5329 0.4895
6.5016 21.0819 0.7264 0.0114 -0.6841 -0.5402 0.4900
6.6273 21.0740 0.2268 0.0055 -0.6782 -0.5473 0.4904
6.7530 21.0660 -0.2728 -0.0005 -0.6721 -0.5544 0.4907
6.8788 21.0580 -0.7723 -0.0064 -0.6660 -0.5615 0.4910
7.0045 21.0500 -1.2719 -0.0124 -0.6598 -0.5684 0.4913
7.0673 21.0460 -1.5217 -0.0153 -0.6567 -0.5719 0.4914
7.1302 21.0421 -1.7715 -0.0183 -0.6536 -0.5753 0.4915
7.2559 21.0341 -2.2710 -0.0242 -0.6472 -0.5822 0.4916
7.3816 21.0261 -2.7706 -0.0302 -0.6408 -0.5889 0.4916
7.5073 21.0181 -3.2701 -0.0361 -0.6343 -0.5956 0.4916
7.6331 21.0102 -3.7697 -0.0420 -0.6277 -0.6022 0.4916
7.7588 21.0022 -4.2693 -0.0479 -0.6210 -0.6087 0.4914
7.8845 20.9942 -4.7688 -0.0538 -0.6143 -0.6152 0.4913
8.0102 20.9862 -5.2684 -0.0597 -0.6074 -0.6216 0.4910
8.1359 20.9783 -5.7679 -0.0656 -0.6005 -0.6279 0.4907
8.2616 20.9703 -6.2675 -0.0715 -0.5936 -0.6341 0.4904
8.3874 20.9623 -6.7671 -0.0774 -0.5865 -0.6403 0.4899
8.5131 20.9543 -7.2666 -0.0833 -0.5794 -0.6463 0.4895
8.6388 20.9464 -7.7662 -0.0892 -0.5723 -0.6523 0.4889
8.7645 20.9384 -8.2657 -0.0950 -0.5650 -0.6583 0.4883
8.8902 20.9304 -8.7653 -0.1008 -0.5577 -0.6641 0.4876
8.7756 20.8412 -8.9076 -0.0869 -0.5253 -0.6917 0.4878
8.6554 20.8006 -8.7290 -0.0770 -0.5126 -0.7023 0.4880
8.5352 20.7599 -8.5503 -0.0670 -0.4996 -0.7126 0.4880
8.4150 20.7193 -8.3717 -0.0570 -0.4865 -0.7226 0.4878
8.2948 20.6787 -8.1931 -0.0470 -0.4731 -0.7323 0.4875
8.0544 20.5974 -7.8358 -0.0269 -0.4459 -0.7510 0.4862
7.9342 20.5568 -7.6572 -0.0168 -0.4321 -0.7600 0.4853
7.8140 20.5162 -7.4785 -0.0068 -0.4181 -0.7686 0.4842
7.5736 20.4349 -7.1213 0.0134 -0.3896 -0.7850 0.4814
7.4534 20.3943 -6.9426 0.0234 -0.3752 -0.7928 0.4798
7.3332 20.3537 -6.7640 0.0335 -0.3606 -0.8003 0.4780
7.0928 20.2724 -6.4067 0.0535 -0.3310 -0.8143 0.4738
6.9727 20.2318 -6.2281 0.0635 -0.3160 -0.8209 0.4715
6.8525 20.1912 -6.0494 0.0735 -0.3009 -0.8271 0.4689
6.7323 20.1506 -5.8708 0.0835 -0.2857 -0.8331 0.4662
6.6121 20.1099 -5.6922 0.0934 -0.2703 -0.8387 0.4634
6.4919 20.0693 -5.5135 0.1033 -0.2549 -0.8441 0.4603
6.3717 20.0287 -5.3349 0.1131 -0.2394 -0.8491 0.4571
6.1313 19.9474 -4.9776 0.1327 -0.2081 -0.8582 0.4502
6.0111 19.9068 -4.7990 0.1424 -0.1923 -0.8622 0.4464
5.8909 19.8662 -4.6204 0.1520 -0.1765 -0.8660 0.4425
5.6505 19.7849 -4.2631 0.1712 -0.1446 -0.8725 0.4343
5.5303 19.7443 -4.0845 0.1806 -0.1286 -0.8752 0.4299
5.4101 19.7037 -3.9058 0.1901 -0.1125 -0.8777 0.4253
5.9249 19.2275 -3.4692 -0.2101 0.0859 0.8821 -0.4129
6.3026 19.0300 -3.4295 -0.2108 0.0887 0.8823 -0.4114
6.6802 18.8325 -3.3898 -0.2115 0.0915 0.8825 -0.4099
7.0578 18.6350 -3.3501 -0.2123 0.0943 0.8827 -0.4084
7.4354 18.4375 -3.3104 -0.2130 0.0971 0.8830 -0.4069
7.8130 18.2400 -3.2707 -0.2137 0.0999 0.8832 -0.4055
8.1906 18.0426 -3.2310 -0.2144 0.1027 0.8833 -0.4040
8.5682 17.8451 -3.1913 -0.2151 0.1055 0.8835 -0.4025
8.9458 17.6476 -3.1516 -0.2158 0.1083 0.8837 -0.4010
9.3234 17.4501 -3.1119 -0.2165 0.1111 0.8839 -0.3995
9.7010 17.2526 -3.0722 -0.2172 0.1139 0.8840 -0.3980
10.0786 17.0551 -3.0326 -0.2179 0.1167 0.8842 -0.3964
10.4562 16.8576 -2.9929 -0.2186 0.1195 0.8843 -0.3949
11.2114 16.4627 -2.9135 -0.2200 0.1250 0.8845 -0.3919
11.5890 16.2652 -2.8738 -0.2207 0.1278 0.8846 -0.3904
11.9666 16.0677 -2.8341 -0.2213 0.1306 0.8847 -0.3888
12.3442 15.8702 -2.7944 -0.2220 0.1334 0.8848 -0.3873
12.7218 15.6727 -2.7547 -0.2227 0.1362 0.8849 -0.3857
13.0994 15.4752 -2.7150 -0.2234 0.1390 0.8850 -0.3842
13.4770 15.2777 -2.6753 -0.2241 0.1418 0.8850 -0.3826
14.2322 14.8827 -2.5959 -0.2254 0.1473 0.8851 -0.3795
14.6098 14.6853 -2.5562 -0.2261 0.1501 0.8852 -0.3780
14.9874 14.4878 -2.5165 -0.2267 0.1529 0.8852 -0.3764
15.3650 14.2903 -2.4769 -0.2274 0.1556 0.8852 -0.3748
15.7426 14.0928 -2.4372 -0.2281 0.1584 0.8852 -0.3733
16.1202 13.8953 -2.3975 -0.2287 0.1612 0.8852 -0.3717
16.4978 13.6978 -2.3578 -0.2294 0.1640 0.8852 -0.3701
17.6712 13.0392 -2.2875 -0.2344 0.1745 0.8869 -0.3578
18.0893 12.7755 -2.2967 -0.2381 0.1795 0.8886 -0.3486
18.5074 12.5118 -2.3059 -0.2418 0.1844 0.8901 -0.3394
18.9255 12.2481 -2.3150 -0.2454 0.1894 0.8916 -0.3301
19.3436 11.9844 -2.3242 -0.2491 0.1943 0.8929 -0.3208
19.7618 11.7207 -2.3333 -0.2526 0.1992 0.8942 -0.3114
20.1799 11.4570 -2.3425 -0.2562 0.2041 0.8953 -0.3020
20.5980 11.1934 -2.3517 -0.2597 0.2089 0.8963 -0.2926
21.0161 10.9297 -2.3608 -0.2632 0.2137 0.8972 -0.2831
21.4343 10.6660 -2.3700 -0.2666 0.2185 0.8979 -0.2736
21.8524 10.4023 -2.3791 -0.2700 0.2233 0.8986 -0.2641
22.2705 10.1386 -2.3883 -0.2734 0.2280 0.8992 -0.2545
22.6886 9.8749 -2.3974 -0.2768 0.2327 0.8996 -0.2449
23.1067 9.6112 -2.4066 -0.2801 0.2374 0.8999 -0.2352
23.5249 9.3476 -2.4158 -0.2834 0.2420 0.9001 -0.2256
24.5470 8.8131 -2.4176 0.2834 -0.2112 -0.9068 0.2298
24.8489 8.6777 -2.4140 0.2816 -0.1934 -0.9096 0.2366
25.1509 8.5423 -2.4104 0.2797 -0.1755 -0.9120 0.2433
25.4529 8.4069 -2.4067 0.2777 -0.1575 -0.9141 0.2500
25.7549 8.2715 -2.4031 0.2757 -0.1395 -0.9158 0.2565
26.3589 8.0007 -2.3958 0.2712 -0.1033 -0.9183 0.2693
26.6609 7.8653 -2.3921 0.2688 -0.0851 -0.9190 0.2756
26.9628 7.7299 -2.3885 0.2663 -0.0669 -0.9194 0.2817
27.2648 7.5945 -2.3849 0.2637 -0.0487 -0.9194 0.2878
27.5668 7.4591 -2.3812 0.2610 -0.0305 -0.9191 0.2937
27.8688 7.3237 -2.3776 0.2582 -0.0122 -0.9184 0.2996
28.1708 7.1883 -2.3739 0.2553 0.0060 -0.9174 0.3053
28.8514 6.6190 -2.4395 -0.2524 -0.0665 0.9173 -0.3006
28.9280 6.3206 -2.5123 -0.2554 -0.0903 0.9196 -0.2845
29.0046 6.0221 -2.5851 -0.2582 -0.1141 0.9211 -0.2683
29.0813 5.7236 -2.6579 -0.2607 -0.1379 0.9218 -0.2518
29.1196 5.5744 -2.6943 -0.2619 -0.1497 0.9218 -0.2434
29.1579 5.4251 -2.7307 -0.2631 -0.1614 0.9217 -0.2351
29.2345 5.1266 -2.8036 -0.2652 -0.1849 0.9208 -0.2182
29.3111 4.8281 -2.8764 -0.2671 -0.2082 0.9192 -0.2011
29.3877 4.5297 -2.9492 -0.2687 -0.2313 0.9168 -0.1838
29.4261 4.3804 -2.9856 -0.2695 -0.2428 0.9153 -0.1751
29.4644 4.2312 -3.0220 -0.2702 -0.2543 0.9136 -0.1664
29.5410 3.9327 -3.0948 -0.2714 -0.2770 0.9097 -0.1488
29.6176 3.6342 -3.1677 -0.2724 -0.2995 0.9050 -0.1312
29.6942 3.3357 -3.2405 -0.2731 -0.3217 0.8995 -0.1134
29.7326 3.1865 -3.2769 -0.2734 -0.3327 0.8965 -0.1044
29.7709 3.0373 -3.3133 -0.2736 -0.3437 0.8933 -0.0955
29.8475 2.7388 -3.3861 -0.2739 -0.3653 0.8863 -0.0775
29.9241 2.4403 -3.4589 -0.2740 -0.3867 0.8786 -0.0595
30.0006 1.8741 -3.0903 0.2845 0.4019 -0.8702 0.0179
30.0005 1.6064 -2.6488 0.2951 0.3958 -0.8696 -0.0057
30.0005 1.3386 -2.2074 0.3054 0.3894 -0.8685 -0.0293
30.0004 1.0709 -1.7659 0.3155 0.3828 -0.8667 -0.0528
30.0003 0.9370 -1.5451 0.3204 0.3794 -0.8656 -0.0646
30.0003 0.8032 -1.3244 0.3253 0.3759 -0.8643 -0.0763
30.0002 0.5355 -0.8829 0.3350 0.3687 -0.8613 -0.0998
30.0001 0.2677 -0.4415 0.3444 0.3612 -0.8577 -0.1232
30.0000 0.0000 0.0000 -0.3536 -0.3536 0.8536 0.1464
