0.0000 50.0000 50.0000 0.7071 0.0000 0.0000 -0.7071
1.2151 49.6627 50.4137 0.7066 -0.0244 -0.0202 -0.7069
2.4301 49.3254 50.8274 0.7054 -0.0489 -0.0404 -0.7060
3.0377 49.1568 51.0343 0.7045 -0.0611 -0.0505 -0.7053
3.6452 48.9881 51.2411 0.7034 -0.0732 -0.0606 -0.7044
4.8603 48.6508 51.6548 0.7008 -0.0975 -0.0807 -0.7020
5.4678 48.4822 51.8617 0.6992 -0.1097 -0.0907 -0.7006
6.0754 48.3136 52.0685 0.6975 -0.1218 -0.1007 -0.6990
7.2904 47.9763 52.4822 0.6934 -0.1458 -0.1206 -0.6952
8.5055 47.6390 52.8959 0.6887 -0.1698 -0.1404 -0.6908
9.7206 47.3017 53.3096 0.6832 -0.1935 -0.1601 -0.6856
10.3281 47.1330 53.5165 0.6803 -0.2053 -0.1698 -0.6828
10.9356 46.9644 53.7233 0.6771 -0.2171 -0.1796 -0.6798
12.1507 46.6271 54.1370 0.6703 -0.2404 -0.1989 -0.6733
12.7582 46.4585 54.3439 0.6666 -0.2520 -0.2085 -0.6698
13.3658 46.2898 54.5507 0.6628 -0.2636 -0.2180 -0.6661
14.5808 45.9525 54.9644 0.6547 -0.2864 -0.2369 -0.6582
15.1884 45.7839 55.1713 0.6503 -0.2977 -0.2462 -0.6541
15.7959 45.6152 55.3781 0.6459 -0.3089 -0.2555 -0.6497
17.0110 45.2780 55.7918 0.6364 -0.3312 -0.2739 -0.6405
18.2261 44.9407 56.2055 0.6263 -0.3531 -0.2921 -0.6307
19.4411 44.6034 56.6192 0.6156 -0.3746 -0.3099 -0.6202
20.0487 44.4347 56.8261 0.6100 -0.3853 -0.3187 -0.6148
20.6562 44.2661 57.0329 0.6042 -0.3958 -0.3274 -0.6091
21.8713 43.9288 57.4466 0.5922 -0.4166 -0.3446 -0.5974
22.4788 43.7602 57.6535 0.5860 -0.4268 -0.3531 -0.5914
23.0863 43.5915 57.8603 0.5797 -0.4370 -0.3614 -0.5851
24.3014 43.2542 58.2740 0.5666 -0.4569 -0.3779 -0.5723
24.9089 43.0856 58.4809 0.5598 -0.4667 -0.3860 -0.5656
25.5165 42.9169 58.6877 0.5528 -0.4763 -0.3940 -0.5588
26.7315 42.5796 59.1014 0.5386 -0.4953 -0.4097 -0.5448
27.9466 42.2424 59.5151 0.5238 -0.5138 -0.4250 -0.5302
29.1617 41.9051 59.9288 0.5084 -0.5318 -0.4398 -0.5151
29.7692 41.7364 60.1357 0.5006 -0.5405 -0.4471 -0.5073
30.3768 41.5678 60.3425 0.4926 -0.5492 -0.4542 -0.4994
31.5918 41.2305 60.7562 0.4762 -0.5660 -0.4682 -0.4833
32.1994 41.0618 60.9631 0.4679 -0.5743 -0.4750 -0.4750
32.8069 40.8932 61.1699 0.4594 -0.5824 -0.4817 -0.4667
34.0220 40.5559 61.5836 0.4421 -0.5981 -0.4947 -0.4496
34.6295 40.3873 61.7905 0.4333 -0.6057 -0.5010 -0.4409
35.2370 40.2186 61.9973 0.4244 -0.6132 -0.5072 -0.4320
36.4521 39.8813 62.4110 0.4062 -0.6277 -0.5192 -0.4141
37.6672 39.5440 62.8247 0.3877 -0.6415 -0.5307 -0.3957
39.8164 38.9212 63.3924 -0.3821 0.6452 0.5532 0.3629
40.7506 38.6356 63.5464 -0.3953 0.6352 0.5646 0.3486
41.6847 38.3501 63.7004 -0.4082 0.6248 0.5756 0.3342
42.6189 38.0645 63.8544 -0.4209 0.6141 0.5862 0.3196
43.5531 37.7790 64.0084 -0.4333 0.6030 0.5965 0.3048
44.4872 37.4934 64.1624 -0.4455 0.5915 0.6064 0.2898
45.4214 37.2078 64.3164 -0.4574 0.5797 0.6159 0.2746
46.3555 36.9223 64.4704 -0.4690 0.5675 0.6251 0.2592
47.2897 36.6367 64.6244 -0.4803 0.5550 0.6339 0.2437
48.2239 36.3512 64.7784 -0.4914 0.5421 0.6424 0.2281
49.1580 36.0656 64.9324 -0.5021 0.5289 0.6504 0.2123
50.0922 35.7800 65.0864 -0.5126 0.5154 0.6580 0.1964
51.0264 35.4945 65.2404 -0.5227 0.5016 0.6653 0.1803
51.9605 35.2089 65.3944 -0.5325 0.4875 0.6721 0.1642
52.8947 34.9234 65.5484 -0.5420 0.4731 0.6786 0.1479
54.9091 34.8697 67.0299 0.5512 -0.4518 -0.6871 -0.1414
55.4493 34.9857 67.6936 0.5512 -0.4485 -0.6883 -0.1463
55.9895 35.1016 68.3573 0.5511 -0.4451 -0.6894 -0.1513
56.5296 35.2176 69.0210 0.5510 -0.4418 -0.6906 -0.1562
57.0698 35.3336 69.6848 0.5509 -0.4384 -0.6917 -0.1611
57.6099 35.4495 70.3485 0.5508 -0.4350 -0.6928 -0.1659
58.1501 35.5655 71.0122 0.5506 -0.4316 -0.6938 -0.1708
58.6902 35.6814 71.6759 0.5505 -0.4281 -0.6948 -0.1757
59.2304 35.7974 72.3397 0.5503 -0.4247 -0.6959 -0.1806
59.7705 35.9134 73.0034 0.5501 -0.4212 -0.6968 -0.1854
60.3107 36.0293 73.6671 0.5498 -0.4178 -0.6978 -0.1903
60.8509 36.1453 74.3308 0.5496 -0.4143 -0.6987 -0.1952
61.3910 36.2612 74.9945 0.5493 -0.4108 -0.6996 -0.2000
62.4713 36.4932 76.3220 0.5487 -0.4037 -0.7014 -0.2097
63.0115 36.6091 76.9857 0.5484 -0.4002 -0.7022 -0.2145
63.5516 36.7251 77.6494 0.5481 -0.3966 -0.7030 -0.2193
64.0918 36.8411 78.3132 0.5477 -0.3930 -0.7038 -0.2241
64.6319 36.9570 78.9769 0.5473 -0.3894 -0.7046 -0.2289
65.1721 37.0730 79.6406 0.5469 -0.3858 -0.7053 -0.2337
65.7123 37.1889 80.3043 0.5465 -0.3822 -0.7060 -0.2385
66.7926 37.4209 81.6318 0.5456 -0.3749 -0.7073 -0.2480
67.3327 37.5368 82.2955 0.5451 -0.3713 -0.7079 -0.2528
67.8729 37.6528 82.9592 0.5446 -0.3676 -0.7085 -0.2575
68.4130 37.7687 83.6229 0.5440 -0.3639 -0.7091 -0.2622
68.9532 37.8847 84.2867 0.5435 -0.3602 -0.7096 -0.2670
69.4933 38.0007 84.9504 0.5429 -0.3565 -0.7102 -0.2717
70.0335 38.1166 85.6141 0.5423 -0.3527 -0.7107 -0.2764
71.5008 38.8305 85.7150 0.5614 -0.3047 -0.7137 -0.2875
71.8877 39.3124 84.4884 0.5805 -0.2636 -0.7144 -0.2886
72.0812 39.5533 83.8751 0.5896 -0.2428 -0.7141 -0.2889
72.2747 39.7943 83.2618 0.5984 -0.2219 -0.7135 -0.2891
72.6616 40.2762 82.0352 0.6150 -0.1798 -0.7113 -0.2890
72.8551 40.5172 81.4220 0.6229 -0.1586 -0.7096 -0.2887
73.0485 40.7581 80.8087 0.6304 -0.1373 -0.7075 -0.2883
73.4355 41.2400 79.5821 0.6446 -0.0945 -0.7023 -0.2870
73.6290 41.4810 78.9688 0.6511 -0.0730 -0.6992 -0.2861
73.8224 41.7219 78.3555 0.6573 -0.0515 -0.6957 -0.2851
74.8488 41.7456 76.4948 -0.6662 0.0200 0.6887 0.2855
75.4883 41.2874 75.8606 -0.6635 0.0315 0.6897 0.2883
76.1277 40.8292 75.2264 -0.6607 0.0431 0.6905 0.2911
76.7672 40.3709 74.5922 -0.6579 0.0546 0.6913 0.2938
77.4066 39.9127 73.9580 -0.6549 0.0661 0.6920 0.2965
78.0460 39.4545 73.3238 -0.6518 0.0776 0.6926 0.2991
78.6855 38.9962 72.6896 -0.6486 0.0891 0.6930 0.3017
79.3249 38.5380 72.0554 -0.6454 0.1006 0.6934 0.3042
79.9644 38.0798 71.4212 -0.6420 0.1121 0.6937 0.3067
80.6038 37.6215 70.7870 -0.6386 0.1236 0.6938 0.3092
81.2432 37.1633 70.1528 -0.6350 0.1350 0.6939 0.3116
81.8827 36.7051 69.5186 -0.6314 0.1464 0.6938 0.3139
82.5221 36.2469 68.8844 -0.6276 0.1578 0.6937 0.3163
83.1616 35.7886 68.2502 -0.6238 0.1692 0.6934 0.3185
83.8010 35.3304 67.6160 -0.6199 0.1805 0.6930 0.3207
84.4404 34.8722 66.9818 -0.6158 0.1919 0.6926 0.3229
84.7602 34.6431 66.6647 -0.6138 0.1975 0.6923 0.3240
85.0799 34.4139 66.3476 -0.6117 0.2031 0.6920 0.3250
85.7193 33.9557 65.7134 -0.6075 0.2144 0.6913 0.3271
86.3588 33.4975 65.0792 -0.6032 0.2256 0.6906 0.3291
86.9982 33.0392 64.4450 -0.5988 0.2368 0.6897 0.3311
87.6376 32.5810 63.8109 -0.5944 0.2480 0.6887 0.3330
88.2771 32.1228 63.1767 -0.5898 0.2591 0.6876 0.3349
88.9165 31.6646 62.5425 -0.5852 0.2702 0.6864 0.3367
89.5560 31.2063 61.9083 -0.5804 0.2812 0.6852 0.3385
90.1954 30.7481 61.2741 -0.5756 0.2922 0.6838 0.3402
90.8348 30.2899 60.6399 -0.5707 0.3032 0.6823 0.3419
91.4743 29.8316 60.0057 -0.5657 0.3141 0.6807 0.3435
92.1137 29.3734 59.3715 -0.5606 0.3250 0.6790 0.3451
92.7532 28.9152 58.7373 -0.5555 0.3358 0.6772 0.3466
93.3926 28.4569 58.1031 -0.5502 0.3466 0.6753 0.3481
94.0320 27.9987 57.4689 -0.5449 0.3573 0.6733 0.3495
95.8927 26.5849 56.5513 -0.5252 0.4123 0.6435 0.3744
96.5033 26.1072 56.4096 -0.5173 0.4340 0.6288 0.3856
97.1139 25.6294 56.2679 -0.5090 0.4552 0.6135 0.3966
97.7245 25.1516 56.1262 -0.5003 0.4761 0.5977 0.4072
98.3351 24.6738 55.9845 -0.4911 0.4966 0.5814 0.4174
99.5563 23.7183 55.7011 -0.4715 0.5362 0.5472 0.4368
100.1670 23.2405 55.5594 -0.4611 0.5553 0.5294 0.4459
100.7776 22.7627 55.4177 -0.4502 0.5739 0.5112 0.4546
101.3882 22.2850 55.2761 -0.4390 0.5920 0.4924 0.4629
101.9988 21.8072 55.1344 -0.4274 0.6096 0.4733 0.4709
102.6094 21.3294 54.9927 -0.4154 0.6267 0.4538 0.4784
103.2200 20.8517 54.8510 -0.4031 0.6432 0.4338 0.4855
103.7326 19.9228 55.2839 -0.3402 0.7009 0.3972 0.4850
103.0241 19.9496 56.0003 -0.3024 0.7258 0.4006 0.4705
102.3155 19.9763 56.7166 -0.2639 0.7489 0.4032 0.4549
101.6069 20.0031 57.4330 -0.2247 0.7704 0.4048 0.4383
100.8983 20.0298 58.1493 -0.1851 0.7901 0.4055 0.4206
100.1898 20.0565 58.8657 -0.1450 0.8081 0.4053 0.4021
99.4812 20.0833 59.5820 -0.1046 0.8242 0.4042 0.3826
98.7726 20.1100 60.2983 -0.0640 0.8384 0.4022 0.3623
98.4183 20.1234 60.6565 -0.0436 0.8448 0.4008 0.3518
98.0640 20.1368 61.0147 -0.0232 0.8507 0.3992 0.3411
97.3555 20.1635 61.7310 0.0176 0.8611 0.3954 0.3191
96.6469 20.1902 62.4474 0.0584 0.8696 0.3906 0.2965
95.9383 20.2170 63.1637 0.0991 0.8760 0.3850 0.2731
95.2298 20.2437 63.8801 0.1395 0.8805 0.3785 0.2492
94.5212 20.2704 64.5964 0.1796 0.8829 0.3711 0.2246
93.8126 20.2972 65.3128 0.2193 0.8834 0.3629 0.1996
94.1373 20.0394 66.4210 0.2554 0.8926 0.3360 0.1587
95.1705 19.7549 66.8129 0.2520 0.9027 0.3179 0.1432
96.2037 19.4704 67.2048 0.2485 0.9123 0.2996 0.1275
97.2369 19.1859 67.5967 0.2449 0.9212 0.2811 0.1118
97.7536 19.0436 67.7926 0.2430 0.9254 0.2717 0.1040
98.2702 18.9014 67.9886 0.2410 0.9294 0.2624 0.0961
99.3034 18.6169 68.3805 0.2370 0.9371 0.2435 0.0802
100.3366 18.3324 68.7724 0.2329 0.9441 0.2245 0.0643
101.3699 18.0479 69.1643 0.2285 0.9504 0.2053 0.0484
101.8865 17.9056 69.3602 0.2263 0.9534 0.1956 0.0404
102.4031 17.7634 69.5562 0.2241 0.9561 0.1859 0.0324
103.4363 17.4789 69.9481 0.2194 0.9612 0.1665 0.0164
104.4695 17.1944 70.3400 0.2146 0.9656 0.1469 0.0004
105.5028 16.9098 70.7319 0.2097 0.9693 0.1272 -0.0156
106.5360 16.6253 71.1238 0.2046 0.9724 0.1075 -0.0316
107.5692 16.3408 71.5157 0.1994 0.9748 0.0877 -0.0476
108.6025 16.0563 71.9076 0.1941 0.9766 0.0678 -0.0635
109.6357 15.7718 72.2995 0.1886 0.9777 0.0478 -0.0794
110.1523 15.6296 72.4954 0.1858 0.9780 0.0378 -0.0873
110.6689 15.4873 72.6914 0.1830 0.9781 0.0279 -0.0953
111.7021 15.2028 73.0832 0.1773 0.9778 0.0079 -0.1110
112.7354 14.9183 73.4751 0.1714 0.9769 -0.0121 -0.1267
113.7686 14.6338 73.8670 0.1654 0.9754 -0.0321 -0.1424
114.2852 14.4915 74.0630 0.1624 0.9743 -0.0421 -0.1501
114.8018 14.3493 74.2589 0.1593 0.9731 -0.0521 -0.1579
115.8350 14.0648 74.6508 0.1532 0.9702 -0.0720 -0.1733
116.8683 13.7803 75.0427 0.1469 0.9667 -0.0919 -0.1886
117.9015 13.4958 75.4346 0.1405 0.9624 -0.1117 -0.2038
118.4181 13.3535 75.6306 0.1372 0.9601 -0.1216 -0.2113
118.9347 13.2113 75.8265 0.1340 0.9576 -0.1314 -0.2188
119.9680 12.9268 76.2184 0.1274 0.9520 -0.1511 -0.2337
121.0012 12.6423 76.6103 0.1207 0.9458 -0.1706 -0.2484
122.0344 12.3577 77.0022 0.1140 0.9390 -0.1901 -0.2629
123.0676 12.0732 77.3941 0.1071 0.9315 -0.2094 -0.2773
124.1009 11.7887 77.7860 0.1002 0.9234 -0.2285 -0.2915
125.1341 11.5042 78.1779 0.0933 0.9147 -0.2475 -0.3055
127.5786 12.0160 78.8352 -0.1009 -0.9066 0.2323 0.3375
128.2842 12.4142 78.9678 -0.1081 -0.9067 0.2151 0.3465
128.9899 12.8123 79.1005 -0.1153 -0.9063 0.1978 0.3552
129.6955 13.2104 79.2332 -0.1225 -0.9056 0.1804 0.3639
130.4011 13.6086 79.3659 -0.1296 -0.9045 0.1629 0.3723
131.8124 14.4049 79.6312 -0.1436 -0.9011 0.1278 0.3888
132.5180 14.8030 79.7639 -0.1505 -0.8988 0.1101 0.3967
133.2236 15.2012 79.8966 -0.1574 -0.8961 0.0925 0.4046
133.9293 15.5993 80.0293 -0.1642 -0.8931 0.0747 0.4122
134.6349 15.9975 80.1620 -0.1709 -0.8896 0.0570 0.4196
135.3405 16.3956 80.2946 -0.1775 -0.8858 0.0392 0.4269
136.0462 16.7938 80.4273 -0.1841 -0.8816 0.0214 0.4340
137.4574 17.5900 80.6927 -0.1970 -0.8721 -0.0143 0.4477
138.1631 17.9882 80.8254 -0.2034 -0.8668 -0.0321 0.4542
138.8687 18.3863 80.9581 -0.2096 -0.8611 -0.0499 0.4605
139.5743 18.7845 81.0907 -0.2157 -0.8551 -0.0677 0.4667
140.2799 19.1826 81.2234 -0.2218 -0.8486 -0.0854 0.4726
140.9856 19.5808 81.3561 -0.2278 -0.8418 -0.1031 0.4783
141.6912 19.9789 81.4888 -0.2336 -0.8347 -0.1208 0.4839
143.1025 20.7752 81.7541 -0.2451 -0.8193 -0.1560 0.4943
143.8081 21.1733 81.8868 -0.2506 -0.8111 -0.1734 0.4992
144.5137 21.5715 82.0195 -0.2561 -0.8026 -0.1909 0.5039
145.2194 21.9696 82.1522 -0.2614 -0.7937 -0.2082 0.5084
145.9250 22.3678 82.2849 -0.2667 -0.7844 -0.2254 0.5126
146.6306 22.7659 82.4175 -0.2718 -0.7748 -0.2426 0.5166
147.3363 23.1641 82.5502 -0.2768 -0.7649 -0.2596 0.5205
149.4137 24.7468 81.6722 0.2881 0.7514 0.3046 -0.5095
149.7468 25.1400 81.1006 0.2888 0.7549 0.3102 -0.5004
150.0800 25.5332 80.5289 0.2896 0.7584 0.3157 -0.4913
150.4131 25.9265 79.9572 0.2903 0.7617 0.3212 -0.4821
150.7462 26.3197 79.3855 0.2909 0.7649 0.3266 -0.4729
151.4124 27.1061 78.2422 0.2921 0.7711 0.3374 -0.4542
151.7455 27.4993 77.6705 0.2927 0.7740 0.3427 -0.4448
152.0786 27.8925 77.0988 0.2932 0.7768 0.3480 -0.4353
152.7448 28.6790 75.9555 0.2941 0.7822 0.3584 -0.4162
153.0779 29.0722 75.3838 0.2945 0.7847 0.3635 -0.4065
153.4111 29.4654 74.8121 0.2949 0.7872 0.3686 -0.3969
154.0773 30.2519 73.6687 0.2955 0.7918 0.3787 -0.3773
154.4104 30.6451 73.0971 0.2958 0.7939 0.3836 -0.3675
154.7435 31.0383 72.5254 0.2960 0.7960 0.3885 -0.3576
155.0766 31.4315 71.9537 0.2962 0.7979 0.3934 -0.3477
155.4097 31.8247 71.3820 0.2963 0.7998 0.3982 -0.3377
155.7428 32.2179 70.8104 0.2964 0.8015 0.4029 -0.3277
156.0759 32.6112 70.2387 0.2965 0.8031 0.4076 -0.3176
156.7422 33.3976 69.0953 0.2965 0.8061 0.4169 -0.2974
157.0753 33.7908 68.5236 0.2965 0.8075 0.4215 -0.2872
157.4084 34.1840 67.9520 0.2964 0.8087 0.4259 -0.2770
158.0746 34.9705 66.8086 0.2961 0.8109 0.4348 -0.2565
158.4077 35.3637 66.2369 0.2959 0.8118 0.4391 -0.2462
158.7408 35.7569 65.6653 0.2957 0.8126 0.4434 -0.2359
159.1820 36.5005 63.5095 -0.2872 -0.8175 -0.4529 0.2100
158.9569 36.4576 62.4971 -0.2793 -0.8209 -0.4540 0.2049
158.7318 36.4147 61.4847 -0.2714 -0.8242 -0.4551 0.1998
158.5068 36.3718 60.4723 -0.2634 -0.8275 -0.4561 0.1947
158.2817 36.3289 59.4599 -0.2554 -0.8306 -0.4570 0.1895
158.0566 36.2860 58.4475 -0.2474 -0.8337 -0.4579 0.1843
157.8316 36.2431 57.4351 -0.2394 -0.8367 -0.4588 0.1791
157.6065 36.2002 56.4227 -0.2313 -0.8396 -0.4596 0.1739
157.4940 36.1788 55.9165 -0.2273 -0.8411 -0.4600 0.1713
157.3815 36.1573 55.4103 -0.2232 -0.8425 -0.4604 0.1686
157.1564 36.1144 54.3979 -0.2151 -0.8452 -0.4611 0.1634
156.9313 36.0715 53.3854 -0.2070 -0.8479 -0.4618 0.1581
156.7063 36.0286 52.3730 -0.1989 -0.8504 -0.4624 0.1528
156.4812 35.9858 51.3606 -0.1907 -0.8529 -0.4630 0.1475
156.2561 35.9429 50.3482 -0.1825 -0.8553 -0.4636 0.1422
156.0311 35.9000 49.3358 -0.1743 -0.8576 -0.4640 0.1369
155.8060 35.8571 48.3234 -0.1661 -0.8599 -0.4645 0.1315
155.6935 35.8356 47.8172 -0.1619 -0.8610 -0.4647 0.1288
155.5809 35.8142 47.3110 -0.1578 -0.8620 -0.4649 0.1262
155.3559 35.7713 46.2986 -0.1496 -0.8641 -0.4652 0.1208
155.1308 35.7284 45.2862 -0.1413 -0.8660 -0.4655 0.1154
154.9057 35.6855 44.2738 -0.1330 -0.8679 -0.4658 0.1100
154.6807 35.6426 43.2614 -0.1247 -0.8697 -0.4660 0.1046
154.4556 35.5997 42.2490 -0.1164 -0.8714 -0.4662 0.0992
154.2305 35.5568 41.2366 -0.1080 -0.8730 -0.4663 0.0937
154.0055 35.5139 40.2242 -0.0997 -0.8745 -0.4663 0.0883
153.7804 35.4711 39.2118 -0.0914 -0.8760 -0.4664 0.0829
153.5553 35.4282 38.1994 -0.0830 -0.8773 -0.4663 0.0774
153.3303 35.3853 37.1870 -0.0746 -0.8786 -0.4662 0.0719
153.1052 35.3424 36.1746 -0.0663 -0.8797 -0.4661 0.0665
152.8801 35.2995 35.1622 -0.0579 -0.8808 -0.4660 0.0610
152.6551 35.2566 34.1498 -0.0495 -0.8818 -0.4657 0.0555
152.4300 35.2137 33.1374 -0.0411 -0.8827 -0.4655 0.0500
152.2775 35.9499 31.2173 -0.0181 -0.8850 -0.4644 -0.0264
152.3138 36.3394 30.7635 -0.0108 -0.8841 -0.4632 -0.0619
152.3501 36.7290 30.3097 -0.0035 -0.8819 -0.4613 -0.0972
152.3864 37.1185 29.8559 0.0039 -0.8786 -0.4588 -0.1325
152.4227 37.5081 29.4021 0.0112 -0.8742 -0.4557 -0.1675
152.4953 38.2872 28.4944 0.0258 -0.8618 -0.4477 -0.2369
152.5315 38.6767 28.0406 0.0331 -0.8540 -0.4428 -0.2712
152.5678 39.0662 27.5868 0.0403 -0.8450 -0.4374 -0.3051
152.6404 39.8453 26.6792 0.0546 -0.8237 -0.4248 -0.3717
152.6767 40.2349 26.2253 0.0616 -0.8114 -0.4176 -0.4043
152.7130 40.6244 25.7715 0.0686 -0.7981 -0.4099 -0.4363
152.7856 41.4035 24.8639 0.0822 -0.7683 -0.3929 -0.4986
152.8219 41.7931 24.4101 0.0889 -0.7518 -0.3836 -0.5288
152.8581 42.1826 23.9563 0.0954 -0.7344 -0.3738 -0.5583
152.9307 42.9617 23.0486 0.1081 -0.6967 -0.3528 -0.6151
152.9670 43.3512 22.5948 0.1143 -0.6765 -0.3416 -0.6423
153.0033 43.7408 22.1410 0.1202 -0.6554 -0.3299 -0.6687
153.0759 44.5199 21.2334 0.1317 -0.6106 -0.3053 -0.7187
153.1122 44.9094 20.7795 0.1372 -0.5870 -0.2924 -0.7423
153.1485 45.2989 20.3257 0.1426 -0.5626 -0.2791 -0.7650
153.2210 46.0780 19.4181 0.1526 -0.5117 -0.2514 -0.8073
153.2573 46.4676 18.9643 0.1573 -0.4852 -0.2371 -0.8268
153.2936 46.8571 18.5105 0.1619 -0.4581 -0.2224 -0.8453
154.6721 47.8438 17.0168 0.1644 -0.3795 -0.2087 -0.8862
155.3251 47.9476 16.7239 0.1613 -0.3681 -0.2169 -0.8896
155.9780 48.0515 16.4309 0.1583 -0.3567 -0.2250 -0.8928
156.6310 48.1553 16.1379 0.1552 -0.3451 -0.2331 -0.8958
157.2840 48.2591 15.8449 0.1521 -0.3335 -0.2411 -0.8986
158.5899 48.4667 15.2589 0.1458 -0.3101 -0.2569 -0.9036
159.2429 48.5705 14.9659 0.1425 -0.2983 -0.2648 -0.9059
159.8958 48.6743 14.6730 0.1393 -0.2864 -0.2726 -0.9079
161.2018 48.8820 14.0870 0.1327 -0.2624 -0.2880 -0.9114
161.8547 48.9858 13.7940 0.1294 -0.2504 -0.2956 -0.9128
162.5077 49.0896 13.5010 0.1260 -0.2382 -0.3032 -0.9140
163.8136 49.2972 12.9150 0.1192 -0.2138 -0.3181 -0.9159
164.4666 49.4010 12.6221 0.1158 -0.2016 -0.3254 -0.9166
165.1195 49.5048 12.3291 0.1123 -0.1893 -0.3327 -0.9170
166.4255 49.7125 11.7431 0.1053 -0.1645 -0.3470 -0.9173
167.0784 49.8163 11.4501 0.1018 -0.1521 -0.3541 -0.9171
167.7314 49.9201 11.1571 0.0982 -0.1397 -0.3610 -0.9168
169.0373 50.1277 10.5712 0.0910 -0.1147 -0.3747 -0.9155
169.6903 50.2315 10.2782 0.0874 -0.1021 -0.3815 -0.9146
170.3432 50.3354 9.9852 0.0838 -0.0895 -0.3881 -0.9134
171.6492 50.5430 9.3992 0.0764 -0.0644 -0.4012 -0.9105
172.3021 50.6468 9.1062 0.0727 -0.0518 -0.4076 -0.9088
172.9551 50.7506 8.8133 0.0690 -0.0391 -0.4139 -0.9069
174.7225 50.2806 8.1621 0.0945 -0.0107 -0.3969 -0.9129
175.1840 49.6031 8.0969 0.1273 -0.0075 -0.3668 -0.9215
175.6454 48.9255 8.0318 0.1598 -0.0043 -0.3359 -0.9282
176.1069 48.2479 7.9666 0.1920 -0.0011 -0.3044 -0.9330
176.5683 47.5703 7.9015 0.2237 0.0022 -0.2721 -0.9359
177.0298 46.8927 7.8363 0.2551 0.0054 -0.2394 -0.9368
177.4913 46.2151 7.7711 0.2858 0.0086 -0.2061 -0.9358
178.5141 46.7279 7.9678 0.3368 0.0372 -0.1808 -0.9233
179.0754 47.9182 8.2297 0.3572 0.0626 -0.1890 -0.9126
179.3560 48.5134 8.3606 0.3672 0.0752 -0.1930 -0.9068
179.6367 49.1086 8.4915 0.3771 0.0878 -0.1970 -0.9007
180.1980 50.2989 8.7534 0.3965 0.1130 -0.2047 -0.8878
180.4787 50.8941 8.8843 0.4061 0.1256 -0.2084 -0.8809
180.7593 51.4893 9.0152 0.4155 0.1381 -0.2121 -0.8737
181.3206 52.6796 9.2771 0.4339 0.1629 -0.2193 -0.8585
181.6013 53.2748 9.4080 0.4429 0.1753 -0.2228 -0.8506
181.8820 53.8700 9.5390 0.4518 0.1876 -0.2262 -0.8423
182.4433 55.0604 9.8008 0.4691 0.2120 -0.2329 -0.8251
182.7239 55.6555 9.9318 0.4776 0.2241 -0.2361 -0.8161
183.0046 56.2507 10.0627 0.4859 0.2362 -0.2392 -0.8068
183.5659 57.4411 10.3245 0.5020 0.2601 -0.2453 -0.7875
183.8466 58.0363 10.4555 0.5099 0.2719 -0.2482 -0.7775
184.1272 58.6314 10.5864 0.5176 0.2836 -0.2510 -0.7672
184.6885 59.8218 10.8483 0.5325 0.3068 -0.2564 -0.7460
184.9692 60.4170 10.9792 0.5397 0.3183 -0.2590 -0.7351
185.2498 61.0122 11.1101 0.5467 0.3296 -0.2616 -0.7239
185.8112 62.2025 11.3720 0.5603 0.3521 -0.2664 -0.7009
186.3725 63.3929 11.6338 0.5731 0.3740 -0.2708 -0.6770
187.1374 64.5094 12.3707 -0.5267 -0.4447 0.2916 0.6631
187.2391 64.4725 12.6081 -0.4962 -0.4683 0.2993 0.6670
187.3409 64.4357 12.8456 -0.4649 -0.4911 0.3065 0.6699
187.4427 64.3988 13.0831 -0.4329 -0.5132 0.3132 0.6717
187.5445 64.3619 13.3206 -0.4003 -0.5344 0.3195 0.6724
187.7481 64.2881 13.7956 -0.3331 -0.5744 0.3304 0.6708
187.8498 64.2512 14.0330 -0.2987 -0.5931 0.3351 0.6684
187.9516 64.2143 14.2705 -0.2638 -0.6108 0.3393 0.6650
188.0534 64.1774 14.5080 -0.2285 -0.6276 0.3430 0.6605
188.1552 64.1405 14.7455 -0.1929 -0.6434 0.3461 0.6550
188.2570 64.1036 14.9830 -0.1569 -0.6582 0.3487 0.6485
188.3588 64.0667 15.2205 -0.1207 -0.6720 0.3507 0.6409
188.5623 63.9930 15.6954 -0.0479 -0.6964 0.3532 0.6229
188.6641 63.9561 15.9329 -0.0113 -0.7070 0.3536 0.6124
188.7659 63.9192 16.1704 0.0253 -0.7165 0.3534 0.6009
188.8677 63.8823 16.4079 0.0619 -0.7248 0.3527 0.5886
188.9695 63.8454 16.6454 0.0983 -0.7320 0.3514 0.5753
189.0712 63.8085 16.8828 0.1346 -0.7381 0.3496 0.5611
189.1730 63.7716 17.1203 0.1707 -0.7431 0.3473 0.5460
189.3766 63.6978 17.5953 0.2421 -0.7494 0.3410 0.5133
189.4784 63.6609 17.8328 0.2772 -0.7509 0.3370 0.4958
189.5802 63.6240 18.0703 0.3119 -0.7511 0.3325 0.4774
189.7837 63.5502 18.5452 0.3798 -0.7482 0.3220 0.4386
189.8855 63.5134 18.7827 0.4128 -0.7449 0.3160 0.4181
189.9873 63.4765 19.0202 0.4453 -0.7405 0.3094 0.3970
190.9969 63.8275 20.3844 0.4889 -0.7410 0.2844 0.3619
191.8029 64.2522 21.2736 0.4694 -0.7533 0.2737 0.3706
192.2059 64.4646 21.7182 0.4595 -0.7592 0.2682 0.3748
192.6090 64.6770 22.1628 0.4496 -0.7650 0.2627 0.3790
193.4150 65.1018 23.0520 0.4295 -0.7761 0.2516 0.3871
193.8180 65.3142 23.4966 0.4193 -0.7815 0.2460 0.3911
194.2210 65.5266 23.9412 0.4090 -0.7867 0.2403 0.3950
195.0271 65.9513 24.8304 0.3883 -0.7967 0.2288 0.4026
195.8331 66.3761 25.7196 0.3672 -0.8062 0.2172 0.4099
196.6391 66.8009 26.6088 0.3459 -0.8151 0.2053 0.4169
197.0421 67.0133 27.0534 0.3352 -0.8193 0.1994 0.4203
197.4451 67.2257 27.4981 0.3244 -0.8233 0.1934 0.4236
198.2512 67.6505 28.3873 0.3026 -0.8310 0.1813 0.4300
198.6542 67.8628 28.8319 0.2917 -0.8347 0.1752 0.4331
199.0572 68.0752 29.2765 0.2806 -0.8381 0.1691 0.4361
199.8632 68.5000 30.1657 0.2585 -0.8446 0.1567 0.4419
200.2663 68.7124 30.6103 0.2473 -0.8476 0.1505 0.4447
200.6693 68.9248 31.0549 0.2361 -0.8505 0.1443 0.4473
201.4753 69.3496 31.9441 0.2135 -0.8558 0.1317 0.4525
202.2813 69.7743 32.8333 0.1908 -0.8604 0.1190 0.4573
204.1346 69.7774 33.9414 0.1587 -0.8703 0.1061 0.4539
205.1819 69.3557 34.1603 0.1494 -0.8761 0.1058 0.4460
206.2291 68.9339 34.3792 0.1400 -0.8817 0.1056 0.4380
207.2764 68.5122 34.5982 0.1306 -0.8871 0.1053 0.4300
207.8000 68.3013 34.7076 0.1259 -0.8898 0.1051 0.4259
208.3236 68.0905 34.8171 0.1212 -0.8924 0.1050 0.4218
209.3709 67.6688 35.0360 0.1118 -0.8975 0.1047 0.4136
210.4181 67.2470 35.2549 0.1023 -0.9024 0.1043 0.4053
211.4654 66.8253 35.4738 0.0928 -0.9072 0.1040 0.3969
211.9890 66.6144 35.5832 0.0881 -0.9095 0.1038 0.3927
212.5126 66.4036 35.6927 0.0834 -0.9118 0.1036 0.3885
213.5599 65.9819 35.9116 0.0739 -0.9163 0.1032 0.3800
214.6071 65.5601 36.1305 0.0643 -0.9205 0.1028 0.3714
215.6544 65.1384 36.3494 0.0548 -0.9246 0.1024 0.3627
216.1780 64.9275 36.4589 0.0501 -0.9266 0.1022 0.3584
216.7016 64.7167 36.5683 0.0453 -0.9286 0.1019 0.3540
217.7489 64.2950 36.7872 0.0357 -0.9323 0.1015 0.3452
218.7961 63.8732 37.0061 0.0262 -0.9359 0.1010 0.3363
220.4287 63.5268 38.2186 0.0472 -0.9532 0.1148 0.2757
221.0141 63.6022 39.2121 0.0776 -0.9632 0.1286 0.2228
221.3067 63.6399 39.7089 0.0927 -0.9668 0.1353 0.1960
221.5994 63.6775 40.2056 0.1077 -0.9694 0.1419 0.1690
222.1848 63.7529 41.1992 0.1373 -0.9716 0.1547 0.1146
222.4774 63.7905 41.6959 0.1519 -0.9713 0.1608 0.0872
222.7701 63.8282 42.1927 0.1664 -0.9700 0.1668 0.0597
223.3555 63.9035 43.1862 0.1948 -0.9645 0.1783 0.0046
223.9408 63.9789 44.1798 0.2225 -0.9551 0.1890 -0.0506
224.5262 64.0542 45.1733 0.2492 -0.9419 0.1990 -0.1055
224.8188 64.0919 45.6701 0.2622 -0.9339 0.2037 -0.1329
225.1115 64.1296 46.1668 0.2750 -0.9249 0.2082 -0.1601
225.6969 64.2049 47.1604 0.2996 -0.9042 0.2165 -0.2139
225.9895 64.2426 47.6571 0.3115 -0.8925 0.2204 -0.2406
226.2822 64.2802 48.1539 0.3231 -0.8799 0.2240 -0.2670
226.8676 64.3556 49.1474 0.3452 -0.8520 0.2306 -0.3189
227.1602 64.3932 49.6442 0.3558 -0.8368 0.2335 -0.3444
227.4529 64.4309 50.1410 0.3660 -0.8207 0.2362 -0.3696
228.0383 64.5063 51.1345 0.3853 -0.7862 0.2410 -0.4188
228.6236 64.5816 52.1280 0.4031 -0.7485 0.2447 -0.4663
230.5606 65.0854 53.7902 -0.4325 0.6888 -0.2657 0.5176
231.2364 65.2997 54.1244 -0.4390 0.6791 -0.2747 0.5202
231.9122 65.5140 54.4587 -0.4454 0.6693 -0.2836 0.5227
232.5880 65.7282 54.7930 -0.4517 0.6593 -0.2925 0.5251
233.2638 65.9425 55.1273 -0.4579 0.6492 -0.3013 0.5274
234.6154 66.3710 55.7959 -0.4700 0.6285 -0.3188 0.5315
235.2912 66.5853 56.1302 -0.4759 0.6179 -0.3274 0.5335
235.9671 66.7995 56.4645 -0.4816 0.6072 -0.3359 0.5352
236.6429 67.0138 56.7988 -0.4873 0.5964 -0.3444 0.5369
237.3187 67.2280 57.1331 -0.4929 0.5854 -0.3528 0.5385
237.9945 67.4423 57.4674 -0.4983 0.5743 -0.3611 0.5399
238.6703 67.6566 57.8017 -0.5037 0.5630 -0.3693 0.5412
240.0219 68.0851 58.4703 -0.5140 0.5402 -0.3855 0.5435
240.6977 68.2993 58.8046 -0.5190 0.5286 -0.3935 0.5444
241.3735 68.5136 59.1389 -0.5239 0.5169 -0.4014 0.5453
242.0494 68.7278 59.4732 -0.5286 0.5050 -0.4092 0.5460
242.7252 68.9421 59.8075 -0.5333 0.4931 -0.4169 0.5465
243.4010 69.1564 60.1418 -0.5378 0.4810 -0.4245 0.5470
244.0768 69.3706 60.4761 -0.5422 0.4688 -0.4320 0.5473
245.4284 69.7991 61.1447 -0.5507 0.4442 -0.4467 0.5476
246.1042 70.0134 61.4790 -0.5547 0.4317 -0.4539 0.5476
246.7800 70.2277 61.8133 -0.5586 0.4191 -0.4611 0.5474
248.1316 70.6562 62.4819 -0.5661 0.3937 -0.4750 0.5468
248.8075 70.8704 62.8162 -0.5696 0.3808 -0.4818 0.5462
249.4833 71.0847 63.1505 -0.5730 0.3679 -0.4885 0.5456
251.4864 70.7933 64.2752 -0.5946 0.3619 -0.4761 0.5374
252.1378 70.0734 64.7314 -0.6089 0.3816 -0.4501 0.5301
252.7893 69.3534 65.1875 -0.6224 0.4008 -0.4235 0.5222
253.4407 68.6335 65.6437 -0.6351 0.4194 -0.3963 0.5135
253.7665 68.2735 65.8717 -0.6412 0.4285 -0.3825 0.5089
254.0922 67.9136 66.0998 -0.6470 0.4374 -0.3686 0.5042
254.7436 67.1936 66.5560 -0.6580 0.4549 -0.3404 0.4942
255.3951 66.4737 67.0121 -0.6681 0.4718 -0.3117 0.4835
256.0466 65.7538 67.4683 -0.6774 0.4881 -0.2827 0.4722
256.3723 65.3938 67.6963 -0.6817 0.4960 -0.2680 0.4664
256.6980 65.0339 67.9244 -0.6857 0.5037 -0.2532 0.4603
257.3495 64.3139 68.3805 -0.6932 0.5187 -0.2235 0.4478
258.0009 63.5940 68.8367 -0.6997 0.5329 -0.1934 0.4347
258.6524 62.8741 69.2928 -0.7053 0.5465 -0.1631 0.4210
259.3038 62.1541 69.7490 -0.7100 0.5594 -0.1325 0.4067
259.9553 61.4342 70.2051 -0.7137 0.5715 -0.1018 0.3920
260.6068 60.7143 70.6613 -0.7165 0.5828 -0.0710 0.3766
261.8054 58.8240 71.9846 -0.7314 0.5710 -0.0027 0.3727
262.0789 58.2388 72.4182 -0.7373 0.5594 0.0160 0.3783
262.3525 57.6536 72.8518 -0.7429 0.5474 0.0346 0.3838
262.6261 57.0684 73.2854 -0.7480 0.5352 0.0533 0.3890
262.8997 56.4832 73.7190 -0.7527 0.5226 0.0719 0.3940
263.4468 55.3128 74.5863 -0.7608 0.4967 0.1090 0.4033
263.7204 54.7276 75.0199 -0.7642 0.4833 0.1274 0.4076
263.9940 54.1424 75.4535 -0.7672 0.4696 0.1458 0.4118
264.2675 53.5572 75.8871 -0.7698 0.4557 0.1641 0.4156
264.5411 52.9720 76.3207 -0.7720 0.4415 0.1824 0.4193
264.8147 52.3868 76.7543 -0.7738 0.4271 0.2005 0.4227
265.0882 51.8016 77.1879 -0.7751 0.4124 0.2185 0.4259
265.4699 50.8107 77.8050 0.8102 -0.3533 -0.1845 -0.4299
265.3872 50.9005 77.6799 0.8250 -0.3377 -0.1492 -0.4279
265.3045 50.9902 77.5548 0.8383 -0.3216 -0.1136 -0.4252
265.2217 51.0800 77.4298 0.8503 -0.3050 -0.0778 -0.4218
265.1390 51.1697 77.3047 0.8608 -0.2878 -0.0419 -0.4177
265.0563 51.2594 77.1796 0.8698 -0.2701 -0.0060 -0.4128
264.9736 51.3492 77.0545 0.8773 -0.2520 0.0300 -0.4073
264.8908 51.4389 76.9295 0.8834 -0.2334 0.0660 -0.4010
264.8081 51.5287 76.8044 0.8879 -0.2144 0.1018 -0.3941
264.7254 51.6184 76.6793 0.8909 -0.1951 0.1374 -0.3865
264.6426 51.7082 76.5543 0.8924 -0.1754 0.1728 -0.3782
264.5599 51.7979 76.4292 0.8923 -0.1555 0.2080 -0.3693
264.4772 51.8877 76.3041 0.8907 -0.1352 0.2427 -0.3597
264.2526 51.2665 75.2947 -0.8732 0.0950 -0.3214 0.3538
264.1934 50.4658 74.5355 -0.8631 0.0959 -0.3316 0.3686
264.1343 49.6651 73.7763 -0.8526 0.0967 -0.3418 0.3834
264.0752 48.8644 73.0170 -0.8417 0.0975 -0.3517 0.3979
264.0456 48.4641 72.6374 -0.8361 0.0979 -0.3567 0.4051
264.0160 48.0637 72.2578 -0.8304 0.0983 -0.3616 0.4123
263.9569 47.2630 71.4985 -0.8188 0.0990 -0.3713 0.4265
263.8977 46.4624 70.7393 -0.8069 0.0996 -0.3808 0.4405
263.8386 45.6617 69.9800 -0.7946 0.1003 -0.3901 0.4543
263.8090 45.2613 69.6004 -0.7883 0.1005 -0.3947 0.4612
263.7794 44.8610 69.2208 -0.7819 0.1008 -0.3993 0.4680
263.7203 44.0603 68.4615 -0.7689 0.1014 -0.4083 0.4814
263.6612 43.2596 67.7023 -0.7556 0.1018 -0.4172 0.4946
263.6020 42.4589 66.9430 -0.7420 0.1023 -0.4258 0.5076
263.5429 41.6582 66.1838 -0.7280 0.1027 -0.4343 0.5204
263.4837 40.8575 65.4245 -0.7137 0.1030 -0.4426 0.5330
263.4246 40.0569 64.6653 -0.6992 0.1034 -0.4507 0.5453
263.3654 39.2562 63.9060 -0.6843 0.1036 -0.4586 0.5574
263.3359 38.8558 63.5264 -0.6767 0.1037 -0.4625 0.5634
263.3063 38.4555 63.1468 -0.6691 0.1038 -0.4663 0.5693
263.2471 37.6548 62.3875 -0.6536 0.1040 -0.4738 0.5809
263.1880 36.8541 61.6283 -0.6379 0.1042 -0.4811 0.5923
263.1289 36.0534 60.8690 -0.6219 0.1042 -0.4882 0.6034
263.0697 35.2527 60.1098 -0.6056 0.1043 -0.4951 0.6142
263.0106 34.4521 59.3505 -0.5890 0.1043 -0.5018 0.6248
262.9514 33.6514 58.5913 -0.5722 0.1042 -0.5082 0.6351
262.8923 32.8507 57.8320 -0.5552 0.1041 -0.5144 0.6452
262.8627 32.4503 57.4524 -0.5466 0.1041 -0.5175 0.6501
262.8331 32.0500 57.0728 -0.5379 0.1040 -0.5205 0.6550
262.7740 31.2493 56.3135 -0.5204 0.1038 -0.5263 0.6644
262.7149 30.4486 55.5543 -0.5026 0.1036 -0.5318 0.6736
262.6557 29.6479 54.7950 -0.4847 0.1033 -0.5372 0.6826
262.5966 28.8472 54.0358 -0.4665 0.1030 -0.5423 0.6912
262.5374 28.0466 53.2765 -0.4481 0.1027 -0.5471 0.6995
262.4783 27.2459 52.5173 -0.4296 0.1023 -0.5518 0.7075
262.5810 26.5344 50.8821 -0.3894 0.1220 -0.4984 0.7649
262.6620 26.5791 50.4441 -0.3778 0.1318 -0.4683 0.7878
262.7429 26.6237 50.0061 -0.3655 0.1414 -0.4373 0.8094
262.8239 26.6683 49.5681 -0.3525 0.1508 -0.4057 0.8297
262.9048 26.7130 49.1301 -0.3390 0.1599 -0.3734 0.8486
263.0667 26.8022 48.2541 -0.3104 0.1773 -0.3069 0.8821
263.1476 26.8468 47.8162 -0.2952 0.1855 -0.2728 0.8966
263.2286 26.8915 47.3782 -0.2796 0.1935 -0.2384 0.9097
263.3095 26.9361 46.9402 -0.2635 0.2011 -0.2035 0.9212
263.3905 26.9807 46.5022 -0.2470 0.2084 -0.1682 0.9313
263.4714 27.0254 46.0642 -0.2301 0.2154 -0.1327 0.9397
263.5524 27.0700 45.6262 -0.2128 0.2219 -0.0970 0.9466
263.7143 27.1593 44.7503 -0.1771 0.2340 -0.0251 0.9556
263.7952 27.2039 44.3123 -0.1588 0.2394 0.0109 0.9578
263.8762 27.2485 43.8743 -0.1402 0.2445 0.0469 0.9583
263.9571 27.2931 43.4363 -0.1214 0.2491 0.0829 0.9572
264.0380 27.3378 42.9983 -0.1024 0.2534 0.1186 0.9546
264.1190 27.3824 42.5603 -0.0833 0.2572 0.1543 0.9503
264.1999 27.4270 42.1224 -0.0640 0.2605 0.1896 0.9445
264.3618 27.5163 41.2464 -0.0251 0.2660 0.2593 0.9281
264.4428 27.5609 40.8084 -0.0055 0.2680 0.2935 0.9176
264.5237 27.6056 40.3704 0.0140 0.2696 0.3272 0.9056
264.6047 27.6502 39.9324 0.0335 0.2708 0.3604 0.8920
264.6856 27.6948 39.4945 0.0530 0.2715 0.3930 0.8769
264.7665 27.7394 39.0565 0.0723 0.2718 0.4249 0.8604
264.8475 27.7841 38.6185 0.0916 0.2716 0.4561 0.8425
265.8400 27.3240 37.8666 -0.1322 -0.2709 -0.5154 -0.8022
266.6706 26.7746 37.9906 -0.1349 -0.2720 -0.5145 -0.8020
267.5013 26.2253 38.1147 -0.1375 -0.2731 -0.5136 -0.8017
268.3319 25.6759 38.2388 -0.1401 -0.2742 -0.5127 -0.8015
269.1625 25.1266 38.3628 -0.1427 -0.2753 -0.5118 -0.8012
269.9931 24.5772 38.4869 -0.1453 -0.2764 -0.5108 -0.8009
270.8238 24.0279 38.6110 -0.1479 -0.2775 -0.5099 -0.8007
271.6544 23.4785 38.7350 -0.1506 -0.2786 -0.5090 -0.8004
272.0697 23.2038 38.7970 -0.1519 -0.2791 -0.5085 -0.8003
272.4850 22.9291 38.8591 -0.1532 -0.2797 -0.5081 -0.8001
273.3156 22.3798 38.9831 -0.1558 -0.2808 -0.5072 -0.7998
274.1463 21.8304 39.1072 -0.1584 -0.2818 -0.5062 -0.7995
274.9769 21.2811 39.2313 -0.1610 -0.2829 -0.5053 -0.7992
275.8075 20.7317 39.3553 -0.1636 -0.2840 -0.5043 -0.7989
276.6381 20.1824 39.4794 -0.1662 -0.2851 -0.5034 -0.7986
277.4688 19.6330 39.6034 -0.1688 -0.2861 -0.5024 -0.7982
278.8449 19.6080 38.7858 0.1696 0.3045 0.4909 0.7985
279.3904 20.1323 37.8440 0.1677 0.3218 0.4800 0.7987
279.9359 20.6566 36.9022 0.1657 0.3388 0.4690 0.7986
280.4814 21.1809 35.9605 0.1637 0.3558 0.4578 0.7981
280.7541 21.4431 35.4896 0.1627 0.3642 0.4521 0.7978
281.0269 21.7052 35.0187 0.1616 0.3726 0.4464 0.7974
281.5724 22.2295 34.0770 0.1595 0.3892 0.4348 0.7963
282.1179 22.7538 33.1352 0.1572 0.4057 0.4230 0.7948
282.6634 23.2781 32.1934 0.1549 0.4220 0.4111 0.7931
282.9362 23.5403 31.7226 0.1538 0.4301 0.4050 0.7921
283.2089 23.8024 31.2517 0.1526 0.4381 0.3989 0.7910
283.7544 24.3268 30.3099 0.1501 0.4541 0.3867 0.7885
284.2999 24.8511 29.3682 0.1477 0.4698 0.3742 0.7858
284.8454 25.3754 28.4264 0.1451 0.4854 0.3616 0.7827
285.1182 25.6375 27.9555 0.1438 0.4931 0.3552 0.7810
285.3909 25.8997 27.4847 0.1425 0.5007 0.3488 0.7793
285.9364 26.4240 26.5429 0.1398 0.5159 0.3359 0.7755
286.4820 26.9483 25.6011 0.1371 0.5308 0.3229 0.7715
287.0275 27.4726 24.6594 0.1343 0.5455 0.3097 0.7671
287.3002 27.7348 24.1885 0.1329 0.5528 0.3031 0.7648
287.5730 27.9969 23.7176 0.1315 0.5600 0.2964 0.7624
288.1185 28.5212 22.7759 0.1286 0.5743 0.2830 0.7574
288.6640 29.0455 21.8341 0.1256 0.5883 0.2694 0.7520
289.2095 29.5699 20.8923 0.1226 0.6020 0.2558 0.7464
289.4822 29.8320 20.4215 0.1211 0.6088 0.2489 0.7434
289.7550 30.0942 19.9506 0.1196 0.6156 0.2420 0.7404
290.3005 30.6185 19.0088 0.1165 0.6288 0.2281 0.7342
290.8460 31.1428 18.0671 0.1133 0.6418 0.2142 0.7276
291.3915 31.6671 17.1253 0.1101 0.6545 0.2001 0.7207
291.6643 31.9292 16.6544 0.1085 0.6608 0.1930 0.7171
291.9370 32.1914 16.1836 0.1069 0.6670 0.1860 0.7135
292.4825 32.7157 15.2418 0.1036 0.6792 0.1717 0.7060
293.0280 33.2400 14.3000 0.1003 0.6911 0.1575 0.6983
293.5735 33.7643 13.3583 0.0969 0.7027 0.1431 0.6902
293.8463 34.0265 12.8874 0.0952 0.7084 0.1359 0.6861
294.1190 34.2886 12.4165 0.0935 0.7140 0.1287 0.6819
294.6645 34.8129 11.4748 0.0900 0.7250 0.1142 0.6732
295.2100 35.3373 10.5330 0.0865 0.7357 0.0997 0.6643
295.1791 36.7196 9.5930 0.1091 0.6887 0.1351 0.7040
294.8909 37.1486 9.5939 0.1218 0.6577 0.1596 0.7261
294.6027 37.5776 9.5948 0.1342 0.6252 0.1838 0.7466
294.3144 38.0066 9.5957 0.1463 0.5913 0.2075 0.7654
294.0262 38.4356 9.5966 0.1581 0.5561 0.2308 0.7826
293.7380 38.8646 9.5975 0.1696 0.5197 0.2536 0.7980
293.4498 39.2936 9.5984 0.1806 0.4821 0.2759 0.8117
293.1615 39.7226 9.5993 0.1913 0.4435 0.2975 0.8235
292.8733 40.1516 9.6002 0.2016 0.4039 0.3185 0.8336
292.5851 40.5806 9.6011 0.2114 0.3634 0.3387 0.8418
292.2969 41.0096 9.6019 0.2207 0.3221 0.3582 0.8481
292.0087 41.4386 9.6028 0.2295 0.2800 0.3770 0.8525
291.7204 41.8676 9.6037 0.2379 0.2374 0.3948 0.8551
291.4322 42.2966 9.6046 0.2457 0.1942 0.4118 0.8557
291.1440 42.7256 9.6055 0.2529 0.1506 0.4279 0.8545
290.8558 43.1546 9.6064 0.2596 0.1067 0.4431 0.8514
290.5675 43.5836 9.6073 0.2658 0.0625 0.4573 0.8464
290.2793 44.0126 9.6082 0.2713 0.0182 0.4704 0.8395
289.9911 44.4416 9.6091 0.2763 -0.0262 0.4825 0.8308
289.7029 44.8706 9.6100 0.2806 -0.0704 0.4936 0.8202
289.4147 45.2996 9.6109 0.2843 -0.1146 0.5035 0.8078
289.1264 45.7286 9.6118 0.2874 -0.1585 0.5124 0.7936
288.8382 46.1576 9.6127 0.2898 -0.2020 0.5201 0.7777
288.5500 46.5866 9.6135 0.2916 -0.2451 0.5266 0.7600
288.2618 47.0156 9.6144 0.2928 -0.2876 0.5320 0.7406
287.9735 47.4446 9.6153 0.2933 -0.3295 0.5362 0.7196
287.6853 47.8736 9.6162 0.2931 -0.3707 0.5392 0.6971
287.3971 48.3026 9.6171 0.2923 -0.4111 0.5410 0.6729
287.1089 48.7316 9.6180 0.2909 -0.4505 0.5417 0.6473
286.8207 49.1606 9.6189 0.2888 -0.4890 0.5411 0.6203
288.0112 50.3693 9.4206 0.2789 -0.5457 0.5633 0.5542
288.7505 50.7591 9.3210 0.2751 -0.5549 0.5747 0.5349
289.4899 51.1490 9.2214 0.2710 -0.5637 0.5859 0.5153
290.2293 51.5389 9.1218 0.2669 -0.5723 0.5966 0.4953
290.9687 51.9287 9.0222 0.2625 -0.5804 0.6070 0.4751
292.4474 52.7084 8.8230 0.2534 -0.5957 0.6268 0.4337
293.1868 53.0983 8.7234 0.2486 -0.6028 0.6361 0.4126
293.9262 53.4881 8.6238 0.2436 -0.6096 0.6450 0.3913
294.6655 53.8780 8.5241 0.2385 -0.6159 0.6535 0.3697
295.4049 54.2678 8.4245 0.2333 -0.6219 0.6616 0.3480
296.1443 54.6577 8.3249 0.2279 -0.6276 0.6693 0.3260
296.8836 55.0475 8.2253 0.2223 -0.6328 0.6766 0.3038
298.3624 55.8273 8.0261 0.2109 -0.6421 0.6901 0.2589
299.1018 56.2171 7.9265 0.2050 -0.6462 0.6961 0.2362
299.8411 56.6070 7.8269 0.1989 -0.6499 0.7018 0.2133
300.5805 56.9968 7.7273 0.1928 -0.6532 0.7070 0.1903
301.3199 57.3867 7.6277 0.1865 -0.6562 0.7118 0.1672
302.0592 57.7765 7.5281 0.1801 -0.6587 0.7162 0.1441
302.7986 58.1664 7.4285 0.1736 -0.6608 0.7202 0.1208
304.2774 58.9461 7.2293 0.1603 -0.6638 0.7267 0.0740
305.0167 59.3360 7.1297 0.1535 -0.6647 0.7294 0.0506
305.7561 59.7258 7.0301 0.1466 -0.6653 0.7316 0.0271
306.4955 60.1157 6.9305 0.1396 -0.6654 0.7333 0.0036
307.2349 60.5055 6.8309 0.1325 -0.6651 0.7346 -0.0199
307.9742 60.8954 6.7313 0.1254 -0.6644 0.7355 -0.0434
308.7136 61.2852 6.6317 0.1182 -0.6633 0.7359 -0.0669
310.8152 61.9827 7.1745 -0.0773 0.6661 -0.7347 0.1032
311.4380 61.9005 7.9166 -0.0511 0.6717 -0.7333 0.0927
312.0609 61.8183 8.6586 -0.0248 0.6767 -0.7313 0.0821
312.6837 61.7361 9.4007 0.0016 0.6811 -0.7287 0.0715
313.3066 61.6539 10.1427 0.0279 0.6850 -0.7254 0.0608
313.9294 61.5716 10.8848 0.0542 0.6883 -0.7216 0.0500
314.5523 61.4894 11.6268 0.0804 0.6911 -0.7172 0.0392
315.1751 61.4072 12.3688 0.1066 0.6933 -0.7122 0.0284
315.7980 61.3250 13.1109 0.1327 0.6949 -0.7066 0.0175
316.4208 61.2428 13.8529 0.1587 0.6959 -0.7004 0.0066
317.0437 61.1606 14.5950 0.1846 0.6963 -0.6936 -0.0042
317.6665 61.0783 15.3370 0.2103 0.6962 -0.6862 -0.0151
318.2894 60.9961 16.0791 0.2358 0.6955 -0.6783 -0.0260
318.9122 60.9139 16.8211 0.2611 0.6942 -0.6698 -0.0368
319.5350 60.8317 17.5632 0.2862 0.6923 -0.6607 -0.0476
320.1579 60.7495 18.3052 0.3111 0.6898 -0.6511 -0.0584
320.7807 60.6673 19.0473 0.3357 0.6868 -0.6410 -0.0691
321.4036 60.5851 19.7893 0.3600 0.6832 -0.6303 -0.0798
322.0264 60.5028 20.5313 0.3841 0.6790 -0.6191 -0.0904
322.6493 60.4206 21.2734 0.4078 0.6743 -0.6074 -0.1009
323.2721 60.3384 22.0154 0.4311 0.6690 -0.5951 -0.1114
323.8950 60.2562 22.7575 0.4542 0.6631 -0.5824 -0.1217
324.5178 60.1740 23.4995 0.4768 0.6567 -0.5692 -0.1320
325.1407 60.0918 24.2416 0.4990 0.6497 -0.5555 -0.1421
325.7635 60.0095 24.9836 0.5209 0.6422 -0.5414 -0.1521
326.3864 59.9273 25.7257 0.5422 0.6342 -0.5268 -0.1620
327.0092 59.8451 26.4677 0.5632 0.6257 -0.5117 -0.1718
327.6321 59.7629 27.2098 0.5837 0.6166 -0.4963 -0.1814
328.2549 59.6807 27.9518 0.6036 0.6070 -0.4804 -0.1908
328.8778 59.5985 28.6938 0.6231 0.5969 -0.4641 -0.2001
329.5006 59.5163 29.4359 0.6421 0.5863 -0.4475 -0.2093
331.5970 59.6914 30.2941 0.6620 0.5768 -0.4207 -0.2282
332.3338 59.8200 30.3522 0.6627 0.5776 -0.4158 -0.2332
333.0706 59.9487 30.4103 0.6633 0.5783 -0.4108 -0.2381
333.8074 60.0773 30.4684 0.6640 0.5791 -0.4059 -0.2431
334.5442 60.2060 30.5265 0.6646 0.5798 -0.4009 -0.2480
336.0177 60.4633 30.6426 0.6657 0.5810 -0.3909 -0.2578
336.7545 60.5920 30.7007 0.6662 0.5816 -0.3859 -0.2627
337.4913 60.7207 30.7588 0.6666 0.5822 -0.3808 -0.2676
338.9648 60.9780 30.8750 0.6675 0.5833 -0.3707 -0.2773
339.7016 61.1066 30.9331 0.6678 0.5838 -0.3656 -0.2821
340.4384 61.2353 30.9912 0.6681 0.5842 -0.3605 -0.2869
341.9120 61.4926 31.1073 0.6687 0.5851 -0.3502 -0.2965
342.6488 61.6213 31.1654 0.6689 0.5854 -0.3450 -0.3013
343.3855 61.7500 31.2235 0.6691 0.5858 -0.3398 -0.3061
344.1223 61.8786 31.2816 0.6693 0.5861 -0.3346 -0.3108
344.8591 62.0073 31.3397 0.6694 0.5864 -0.3293 -0.3156
345.5959 62.1359 31.3978 0.6695 0.5866 -0.3241 -0.3203
346.3327 62.2646 31.4559 0.6696 0.5868 -0.3188 -0.3250
347.8062 62.5219 31.5721 0.6696 0.5872 -0.3083 -0.3343
348.5430 62.6506 31.6301 0.6696 0.5873 -0.3030 -0.3390
349.2798 62.7793 31.6882 0.6695 0.5874 -0.2977 -0.3436
350.7534 63.0366 31.8044 0.6693 0.5876 -0.2870 -0.3528
351.4902 63.1652 31.8625 0.6691 0.5876 -0.2816 -0.3574
352.2269 63.2939 31.9206 0.6689 0.5876 -0.2762 -0.3620
355.1474 63.1278 32.5981 -0.6756 -0.5725 0.2586 0.3859
355.8708 62.9160 32.8788 -0.6791 -0.5649 0.2552 0.3932
356.5942 62.7043 33.1595 -0.6825 -0.5572 0.2517 0.4005
357.3176 62.4925 33.4401 -0.6858 -0.5494 0.2482 0.4077
358.0411 62.2808 33.7208 -0.6890 -0.5416 0.2447 0.4149
359.4879 61.8573 34.2822 -0.6951 -0.5257 0.2375 0.4290
360.2114 61.6456 34.5628 -0.6980 -0.5176 0.2339 0.4360
360.9348 61.4338 34.8435 -0.7008 -0.5095 0.2302 0.4430
361.6582 61.2221 35.1242 -0.7036 -0.5013 0.2265 0.4498
362.3817 61.0104 35.4049 -0.7062 -0.4931 0.2228 0.4567
363.1051 60.7986 35.6855 -0.7087 -0.4847 0.2190 0.4634
363.8285 60.5869 35.9662 -0.7112 -0.4763 0.2152 0.4701
365.2754 60.1634 36.5276 -0.7158 -0.4594 0.2075 0.4833
365.9988 59.9517 36.8082 -0.7179 -0.4508 0.2037 0.4898
366.7222 59.7399 37.0889 -0.7200 -0.4421 0.1998 0.4962
367.4457 59.5282 37.3696 -0.7219 -0.4334 0.1958 0.5026
368.1691 59.3165 37.6503 -0.7238 -0.4247 0.1919 0.5089
368.8925 59.1047 37.9309 -0.7256 -0.4158 0.1879 0.5151
369.6160 58.8930 38.2116 -0.7272 -0.4070 0.1839 0.5212
371.0628 58.4695 38.7730 -0.7303 -0.3891 0.1758 0.5333
371.7862 58.2578 39.0536 -0.7316 -0.3800 0.1717 0.5393
372.5097 58.0460 39.3343 -0.7329 -0.3709 0.1676 0.5452
373.9565 57.6226 39.8957 -0.7351 -0.3526 0.1593 0.5567
374.6800 57.4108 40.1764 -0.7361 -0.3434 0.1551 0.5623
375.4034 57.1991 40.4570 -0.7370 -0.3341 0.1509 0.5679
376.8502 56.7756 41.0184 -0.7384 -0.3154 0.1425 0.5788
377.5737 56.5639 41.2991 -0.7390 -0.3060 0.1382 0.5841
378.2971 56.3521 41.5797 -0.7394 -0.2965 0.1340 0.5894
379.0205 56.1404 41.8604 -0.7398 -0.2870 0.1297 0.5946
379.7440 55.9287 42.1411 -0.7401 -0.2775 0.1254 0.5996
380.4674 55.7169 42.4218 -0.7402 -0.2679 0.1210 0.6047
381.1908 55.5052 42.7024 -0.7403 -0.2583 0.1167 0.6096
382.6377 55.0817 43.2638 -0.7402 -0.2390 0.1080 0.6192
383.3611 54.8700 43.5445 -0.7399 -0.2292 0.1036 0.6239
384.0845 54.6582 43.8251 -0.7396 -0.2195 0.0992 0.6285
385.5314 54.2348 44.3865 -0.7386 -0.1999 0.0903 0.6374
386.2548 54.0230 44.6672 -0.7380 -0.1901 0.0859 0.6418
386.9783 53.8113 44.9478 -0.7372 -0.1802 0.0814 0.6460
388.4251 53.3878 45.5092 -0.7355 -0.1605 0.0725 0.6543
389.1486 53.1761 45.7899 -0.7344 -0.1505 0.0680 0.6583
389.8720 52.9643 46.0705 -0.7333 -0.1406 0.0635 0.6622
390.5954 52.7526 46.3512 -0.7321 -0.1306 0.0590 0.6660
391.3188 52.5409 46.6319 -0.7307 -0.1207 0.0545 0.6697
392.0423 52.3291 46.9126 -0.7293 -0.1107 0.0500 0.6733
392.7657 52.1174 47.1932 -0.7278 -0.1006 0.0455 0.6768
394.2126 51.6939 47.7546 -0.7244 -0.0806 0.0364 0.6836
394.9360 51.4822 48.0353 -0.7226 -0.0705 0.0319 0.6869
395.6594 51.2704 48.3159 -0.7207 -0.0605 0.0273 0.6901
397.1063 50.8470 48.8773 -0.7165 -0.0403 0.0182 0.6961
397.8297 50.6352 49.1580 -0.7143 -0.0303 0.0137 0.6990
398.5531 50.4235 49.4386 -0.7120 -0.0202 0.0091 0.7018
400.0000 50.0000 50.0000 0.7071 0.0000 0.0000 -0.7071
