35.0000 15.0000 31.0000 1.0000 0.0000 0.0000 0.0000
35.6906 16.2917 32.1569 0.9999 -0.0137 0.0070 0.0043
36.0358 16.9376 32.7353 0.9997 -0.0205 0.0105 0.0065
36.3811 17.5834 33.3138 0.9995 -0.0273 0.0140 0.0087
36.7264 18.2293 33.8922 0.9992 -0.0342 0.0175 0.0108
37.0717 18.8751 34.4707 0.9989 -0.0410 0.0210 0.0130
37.4170 19.5210 35.0491 0.9984 -0.0478 0.0245 0.0152
37.7622 20.1669 35.6276 0.9980 -0.0547 0.0280 0.0173
38.1075 20.8127 36.2060 0.9974 -0.0615 0.0315 0.0195
38.4528 21.4586 36.7845 0.9968 -0.0683 0.0350 0.0216
38.7981 22.1044 37.3629 0.9961 -0.0751 0.0385 0.0238
39.1434 22.7503 37.9414 0.9954 -0.0819 0.0420 0.0260
39.4887 23.3962 38.5198 0.9946 -0.0887 0.0454 0.0281
39.8339 24.0420 39.0983 0.9938 -0.0955 0.0489 0.0303
40.1792 24.6879 39.6767 0.9928 -0.1023 0.0524 0.0324
40.5245 25.3337 40.2552 0.9919 -0.1091 0.0559 0.0346
40.8698 25.9796 40.8336 0.9908 -0.1159 0.0593 0.0367
41.2151 26.6254 41.4121 0.9897 -0.1227 0.0628 0.0389
41.5603 27.2713 41.9905 0.9885 -0.1294 0.0663 0.0410
41.9056 27.9172 42.5690 0.9873 -0.1362 0.0697 0.0432
42.2509 28.5630 43.1474 0.9860 -0.1429 0.0732 0.0453
42.5962 29.2089 43.7259 0.9846 -0.1497 0.0766 0.0474
42.9415 29.8547 44.3043 0.9832 -0.1564 0.0801 0.0496
43.2867 30.5006 44.8828 0.9817 -0.1631 0.0835 0.0517
43.6320 31.1465 45.4612 0.9802 -0.1698 0.0870 0.0538
43.9773 31.7923 46.0397 0.9785 -0.1765 0.0904 0.0559
44.3226 32.4382 46.6181 0.9769 -0.1832 0.0938 0.0581
44.6679 33.0840 47.1966 0.9751 -0.1899 0.0972 0.0602
45.0132 33.7299 47.7750 0.9733 -0.1965 0.1006 0.0623
45.3584 34.3757 48.3535 0.9715 -0.2032 0.1040 0.0644
46.0490 35.6675 49.5104 0.9676 -0.2164 0.1108 0.0686
46.3943 36.3133 50.0888 0.9655 -0.2230 0.1142 0.0707
46.7396 36.9592 50.6673 0.9634 -0.2296 0.1176 0.0728
47.0848 37.6050 51.2457 0.9612 -0.2362 0.1210 0.0749
47.4301 38.2509 51.8242 0.9590 -0.2428 0.1243 0.0769
47.7754 38.8968 52.4026 0.9567 -0.2493 0.1277 0.0790
48.1207 39.5426 52.9811 0.9544 -0.2559 0.1310 0.0811
48.4660 40.1885 53.5595 0.9519 -0.2624 0.1344 0.0832
48.8112 40.8343 54.1380 0.9495 -0.2689 0.1377 0.0852
49.1565 41.4802 54.7164 0.9469 -0.2754 0.1410 0.0873
49.5018 42.1260 55.2949 0.9443 -0.2818 0.1443 0.0893
49.8471 42.7719 55.8733 0.9417 -0.2883 0.1476 0.0914
50.1924 43.4178 56.4518 0.9390 -0.2947 0.1509 0.0934
50.5376 44.0636 57.0302 0.9362 -0.3011 0.1542 0.0954
50.8829 44.7095 57.6087 0.9334 -0.3075 0.1575 0.0975
51.5735 46.0012 58.7656 0.9275 -0.3202 0.1640 0.1015
51.9188 46.6471 59.3440 0.9245 -0.3266 0.1672 0.1035
52.2641 47.2929 59.9225 0.9214 -0.3329 0.1705 0.1055
52.6093 47.9388 60.5009 0.9183 -0.3392 0.1737 0.1075
52.9546 48.5846 61.0794 0.9151 -0.3454 0.1769 0.1095
53.2999 49.2305 61.6578 0.9119 -0.3517 0.1801 0.1115
53.6452 49.8763 62.2363 0.9085 -0.3579 0.1833 0.1134
53.9905 50.5222 62.8147 0.9052 -0.3641 0.1864 0.1154
54.3357 51.1681 63.3932 0.9018 -0.3703 0.1896 0.1174
54.6810 51.8139 63.9716 0.8983 -0.3764 0.1928 0.1193
55.0263 52.4598 64.5501 0.8947 -0.3826 0.1959 0.1213
55.3716 53.1056 65.1285 0.8912 -0.3887 0.1990 0.1232
55.7169 53.7515 65.7070 0.8875 -0.3947 0.2021 0.1251
56.0621 54.3974 66.2854 0.8838 -0.4008 0.2052 0.1270
56.4074 55.0432 66.8639 0.8800 -0.4068 0.2083 0.1289
56.6200 57.4831 68.4615 0.8737 -0.4193 0.2153 0.1200
56.1420 58.6312 68.9023 0.8750 -0.4197 0.2161 0.1073
55.9030 59.2053 69.1227 0.8756 -0.4199 0.2165 0.1009
55.6640 59.7793 69.3430 0.8761 -0.4201 0.2168 0.0945
55.1861 60.9275 69.7838 0.8771 -0.4204 0.2176 0.0817
54.9471 61.5015 70.0041 0.8775 -0.4205 0.2179 0.0753
54.7081 62.0756 70.2245 0.8779 -0.4206 0.2182 0.0689
54.2301 63.2237 70.6653 0.8786 -0.4208 0.2189 0.0561
53.7521 64.3719 71.1060 0.8791 -0.4209 0.2195 0.0433
53.2742 65.5200 71.5468 0.8795 -0.4209 0.2201 0.0305
53.0352 66.0941 71.7671 0.8796 -0.4208 0.2203 0.0241
52.7962 66.6682 71.9875 0.8797 -0.4208 0.2206 0.0177
52.3182 67.8163 72.4282 0.8798 -0.4207 0.2211 0.0048
52.0792 68.3904 72.6486 0.8798 -0.4206 0.2214 -0.0016
51.8402 68.9644 72.8690 0.8798 -0.4205 0.2216 -0.0080
51.3622 70.1126 73.3097 0.8796 -0.4202 0.2220 -0.0208
51.1232 70.6866 73.5301 0.8794 -0.4201 0.2222 -0.0272
50.8843 71.2607 73.7505 0.8793 -0.4199 0.2224 -0.0337
50.4063 72.4088 74.1912 0.8788 -0.4195 0.2228 -0.0465
49.9283 73.5570 74.6320 0.8781 -0.4190 0.2231 -0.0593
49.4503 74.7051 75.0727 0.8774 -0.4185 0.2234 -0.0721
49.2113 75.2792 75.2931 0.8769 -0.4182 0.2235 -0.0785
48.9723 75.8532 75.5134 0.8765 -0.4179 0.2236 -0.0849
48.4944 77.0014 75.9542 0.8754 -0.4172 0.2238 -0.0977
48.2554 77.5754 76.1746 0.8748 -0.4168 0.2239 -0.1040
48.0164 78.1495 76.3949 0.8742 -0.4165 0.2240 -0.1104
47.5384 79.2977 76.8357 0.8728 -0.4156 0.2241 -0.1232
47.2994 79.8717 77.0561 0.8721 -0.4152 0.2242 -0.1295
47.0604 80.4458 77.2764 0.8713 -0.4148 0.2242 -0.1359
46.5824 81.5939 77.7172 0.8697 -0.4138 0.2243 -0.1486
46.1045 82.7421 78.1579 0.8679 -0.4128 0.2243 -0.1613
45.6265 83.8902 78.5987 0.8660 -0.4117 0.2243 -0.1739
45.3875 84.4643 78.8190 0.8650 -0.4111 0.2243 -0.1802
45.1485 85.0383 79.0394 0.8639 -0.4105 0.2243 -0.1865
44.6705 86.1865 79.4801 0.8617 -0.4093 0.2242 -0.1991
44.4315 86.7605 79.7005 0.8606 -0.4087 0.2241 -0.2054
44.1925 87.3346 79.9209 0.8594 -0.4080 0.2240 -0.2117
43.7146 88.4827 80.3616 0.8569 -0.4067 0.2239 -0.2242
43.4756 89.0568 80.5820 0.8556 -0.4060 0.2238 -0.2304
43.2366 89.6309 80.8024 0.8542 -0.4052 0.2237 -0.2367
42.7586 90.7790 81.2431 0.8515 -0.4037 0.2235 -0.2491
42.2806 91.9271 81.6839 0.8485 -0.4022 0.2232 -0.2615
41.7714 94.8644 81.9615 0.8325 -0.4268 0.2348 -0.2639
41.7558 95.7589 81.8799 0.8257 -0.4398 0.2407 -0.2587
41.7402 96.6535 81.7983 0.8186 -0.4526 0.2465 -0.2535
41.7246 97.5480 81.7167 0.8113 -0.4654 0.2522 -0.2483
41.7090 98.4426 81.6352 0.8038 -0.4779 0.2579 -0.2429
41.6934 99.3371 81.5536 0.7960 -0.4904 0.2635 -0.2375
41.6778 100.2317 81.4720 0.7881 -0.5027 0.2690 -0.2321
41.6622 101.1262 81.3904 0.7799 -0.5149 0.2745 -0.2266
41.6466 102.0208 81.3088 0.7715 -0.5269 0.2799 -0.2210
41.6310 102.9153 81.2273 0.7629 -0.5388 0.2852 -0.2153
41.6154 103.8099 81.1457 0.7541 -0.5506 0.2904 -0.2096
41.5998 104.7044 81.0641 0.7450 -0.5622 0.2955 -0.2038
41.5842 105.5990 80.9825 0.7358 -0.5736 0.3006 -0.1980
41.5530 107.3881 80.8194 0.7167 -0.5960 0.3104 -0.1862
41.5373 108.2826 80.7378 0.7069 -0.6070 0.3152 -0.1802
41.5217 109.1772 80.6562 0.6969 -0.6178 0.3200 -0.1742
41.5061 110.0717 80.5747 0.6867 -0.6284 0.3246 -0.1681
41.4905 110.9663 80.4931 0.6763 -0.6388 0.3291 -0.1620
41.4749 111.8608 80.4115 0.6657 -0.6491 0.3336 -0.1558
41.4593 112.7554 80.3299 0.6549 -0.6592 0.3380 -0.1496
41.4437 113.6499 80.2483 0.6439 -0.6691 0.3422 -0.1433
41.4281 114.5445 80.1668 0.6328 -0.6788 0.3464 -0.1370
41.4125 115.4390 80.0852 0.6215 -0.6884 0.3505 -0.1307
41.3969 116.3336 80.0036 0.6100 -0.6977 0.3544 -0.1243
41.3813 117.2281 79.9220 0.5984 -0.7069 0.3583 -0.1179
41.3657 118.1227 79.8405 0.5866 -0.7158 0.3621 -0.1115
41.3501 119.0172 79.7589 0.5746 -0.7246 0.3658 -0.1050
41.3345 119.9118 79.6773 0.5625 -0.7332 0.3694 -0.0985
41.3033 121.7009 79.5142 0.5377 -0.7497 0.3762 -0.0854
41.2877 122.5954 79.4326 0.5251 -0.7576 0.3795 -0.0789
41.2721 123.4900 79.3510 0.5124 -0.7654 0.3827 -0.0723
41.2565 124.3845 79.2694 0.4995 -0.7729 0.3857 -0.0656
41.2408 125.2791 79.1879 0.4865 -0.7802 0.3887 -0.0590
41.2252 126.1736 79.1063 0.4734 -0.7873 0.3915 -0.0524
41.2096 127.0682 79.0247 0.4601 -0.7942 0.3943 -0.0457
41.1940 127.9627 78.9431 0.4467 -0.8009 0.3969 -0.0390
41.1784 128.8573 78.8615 0.4332 -0.8073 0.3995 -0.0323
41.1628 129.7518 78.7800 0.4195 -0.8135 0.4019 -0.0256
41.1472 130.6464 78.6984 0.4058 -0.8195 0.4042 -0.0189
41.1316 131.5410 78.6168 0.3919 -0.8253 0.4064 -0.0122
41.1160 132.4355 78.5352 0.3779 -0.8309 0.4084 -0.0055
41.1004 133.3301 78.4537 0.3638 -0.8362 0.4104 0.0012
41.0848 134.2246 78.3721 0.3496 -0.8413 0.4123 0.0079
41.0536 136.0137 78.2089 0.3210 -0.8507 0.4156 0.0213
41.0380 136.9083 78.1274 0.3065 -0.8551 0.4171 0.0280
41.0224 137.8028 78.0458 0.2920 -0.8593 0.4185 0.0347
41.0068 138.6974 77.9642 0.2774 -0.8632 0.4198 0.0414
40.9912 139.5919 77.8826 0.2626 -0.8669 0.4210 0.0481
40.9756 140.4865 77.8010 0.2479 -0.8703 0.4220 0.0547
40.9600 141.3810 77.7195 0.2330 -0.8735 0.4230 0.0614
40.9287 143.1701 77.5563 0.2032 -0.8792 0.4245 0.0746
40.9131 144.0647 77.4747 0.1881 -0.8817 0.4251 0.0812
40.8975 144.9592 77.3932 0.1731 -0.8839 0.4255 0.0878
40.8819 145.8538 77.3116 0.1579 -0.8859 0.4259 0.0943
40.8663 146.7483 77.2300 0.1428 -0.8876 0.4261 0.1008
40.8507 147.6429 77.1484 0.1276 -0.8891 0.4262 0.1073
40.8351 148.5374 77.0669 0.1123 -0.8904 0.4262 0.1138
40.2953 151.6495 76.0105 -0.0765 0.8878 -0.4368 -0.1230
40.0410 152.3110 75.5640 -0.0738 0.8856 -0.4423 -0.1212
39.7868 152.9725 75.1174 -0.0712 0.8833 -0.4477 -0.1194
39.5325 153.6340 74.6708 -0.0685 0.8810 -0.4531 -0.1176
39.2782 154.2955 74.2242 -0.0659 0.8786 -0.4585 -0.1158
38.7696 155.6185 73.3310 -0.0606 0.8738 -0.4692 -0.1121
38.5153 156.2800 72.8845 -0.0579 0.8714 -0.4746 -0.1103
38.2610 156.9415 72.4379 -0.0553 0.8689 -0.4799 -0.1085
38.0068 157.6030 71.9913 -0.0526 0.8663 -0.4852 -0.1066
37.7525 158.2645 71.5447 -0.0499 0.8637 -0.4904 -0.1048
37.4982 158.9260 71.0981 -0.0473 0.8611 -0.4957 -0.1029
37.2439 159.5875 70.6516 -0.0446 0.8584 -0.5009 -0.1011
36.7353 160.9105 69.7584 -0.0393 0.8530 -0.5112 -0.0974
36.4810 161.5720 69.3118 -0.0366 0.8502 -0.5164 -0.0955
36.2267 162.2335 68.8652 -0.0339 0.8474 -0.5215 -0.0936
35.9725 162.8950 68.4187 -0.0312 0.8446 -0.5266 -0.0917
35.7182 163.5565 67.9721 -0.0286 0.8417 -0.5317 -0.0899
35.4639 164.2180 67.5255 -0.0259 0.8387 -0.5368 -0.0880
35.2096 164.8795 67.0789 -0.0232 0.8358 -0.5418 -0.0861
34.7010 166.2025 66.1857 -0.0178 0.8297 -0.5518 -0.0823
34.4467 166.8640 65.7392 -0.0151 0.8266 -0.5567 -0.0804
34.1925 167.5255 65.2926 -0.0125 0.8235 -0.5617 -0.0785
33.9382 168.1870 64.8460 -0.0098 0.8204 -0.5666 -0.0766
33.6839 168.8485 64.3994 -0.0071 0.8172 -0.5715 -0.0747
33.4296 169.5100 63.9528 -0.0044 0.8140 -0.5763 -0.0728
33.1753 170.1715 63.5063 -0.0017 0.8107 -0.5812 -0.0709
32.6667 171.4945 62.6131 0.0037 0.8041 -0.5907 -0.0670
32.4124 172.1560 62.1665 0.0063 0.8007 -0.5955 -0.0651
32.1582 172.8175 61.7199 0.0090 0.7973 -0.6002 -0.0632
31.9039 173.4790 61.2733 0.0117 0.7938 -0.6049 -0.0612
31.6496 174.1405 60.8268 0.0144 0.7904 -0.6096 -0.0593
31.3953 174.8020 60.3802 0.0171 0.7868 -0.6142 -0.0574
31.1410 175.4635 59.9336 0.0198 0.7833 -0.6189 -0.0554
30.6324 176.7865 59.0404 0.0251 0.7761 -0.6280 -0.0515
30.3782 177.4480 58.5939 0.0278 0.7724 -0.6325 -0.0496
30.1239 178.1095 58.1473 0.0305 0.7688 -0.6370 -0.0476
29.8696 178.7710 57.7007 0.0332 0.7650 -0.6415 -0.0457
29.6153 179.4325 57.2541 0.0358 0.7613 -0.6460 -0.0437
29.3610 180.0940 56.8075 0.0385 0.7575 -0.6504 -0.0418
29.1067 180.7555 56.3610 0.0412 0.7537 -0.6548 -0.0398
28.5981 182.0784 55.4678 0.0465 0.7459 -0.6635 -0.0359
28.3439 182.7399 55.0212 0.0492 0.7420 -0.6678 -0.0339
28.0896 183.4014 54.5746 0.0519 0.7380 -0.6720 -0.0320
27.8353 184.0629 54.1280 0.0545 0.7340 -0.6763 -0.0300
27.5810 184.7244 53.6815 0.0572 0.7300 -0.6805 -0.0280
27.3267 185.3859 53.2349 0.0598 0.7259 -0.6847 -0.0261
27.0724 186.0474 52.7883 0.0625 0.7218 -0.6888 -0.0241
26.5639 187.3704 51.8951 0.0678 0.7136 -0.6970 -0.0202
26.3096 188.0319 51.4486 0.0704 0.7094 -0.7011 -0.0182
26.0553 188.6934 51.0020 0.0731 0.7052 -0.7051 -0.0162
25.5467 190.0164 50.1088 0.0784 0.6966 -0.7130 -0.0123
25.2924 190.6779 49.6622 0.0810 0.6923 -0.7170 -0.0103
25.0381 191.3394 49.2156 0.0836 0.6880 -0.7209 -0.0083
24.8733 193.9485 48.3337 -0.0849 -0.6768 0.7313 0.0053
25.2170 195.2345 48.3450 -0.0808 -0.6743 0.7340 0.0062
25.3888 195.8775 48.3506 -0.0788 -0.6731 0.7353 0.0067
25.5607 196.5206 48.3562 -0.0768 -0.6719 0.7366 0.0071
25.9044 197.8066 48.3675 -0.0728 -0.6694 0.7393 0.0081
26.0762 198.4496 48.3731 -0.0708 -0.6681 0.7406 0.0085
26.2480 199.0927 48.3787 -0.0688 -0.6669 0.7419 0.0090
26.5917 200.3787 48.3900 -0.0648 -0.6644 0.7445 0.0099
26.9354 201.6648 48.4012 -0.0607 -0.6618 0.7471 0.0108
27.2791 202.9508 48.4125 -0.0567 -0.6593 0.7497 0.0117
27.4510 203.5938 48.4181 -0.0547 -0.6580 0.7509 0.0122
27.6228 204.2369 48.4237 -0.0527 -0.6567 0.7522 0.0126
27.9665 205.5229 48.4350 -0.0486 -0.6541 0.7547 0.0136
28.1384 206.1659 48.4406 -0.0466 -0.6528 0.7560 0.0140
28.3102 206.8090 48.4462 -0.0446 -0.6515 0.7572 0.0145
28.6539 208.0950 48.4575 -0.0406 -0.6489 0.7597 0.0154
28.8258 208.7380 48.4631 -0.0385 -0.6475 0.7609 0.0158
28.9976 209.3811 48.4687 -0.0365 -0.6462 0.7621 0.0163
29.3413 210.6671 48.4800 -0.0325 -0.6435 0.7645 0.0172
29.6850 211.9532 48.4912 -0.0284 -0.6408 0.7669 0.0181
30.0287 213.2392 48.5025 -0.0244 -0.6381 0.7693 0.0190
30.2006 213.8822 48.5081 -0.0224 -0.6368 0.7705 0.0195
30.3724 214.5252 48.5137 -0.0204 -0.6354 0.7717 0.0200
30.7161 215.8113 48.5250 -0.0163 -0.6326 0.7740 0.0209
30.8880 216.4543 48.5306 -0.0143 -0.6313 0.7751 0.0213
31.0598 217.0973 48.5362 -0.0123 -0.6299 0.7763 0.0218
31.4035 218.3834 48.5475 -0.0082 -0.6271 0.7786 0.0227
31.5754 219.0264 48.5531 -0.0062 -0.6257 0.7797 0.0231
31.7472 219.6694 48.5587 -0.0042 -0.6243 0.7808 0.0236
32.0909 220.9555 48.5700 -0.0002 -0.6215 0.7831 0.0245
32.4346 222.2415 48.5812 0.0039 -0.6186 0.7853 0.0254
32.7783 223.5276 48.5925 0.0079 -0.6157 0.7875 0.0263
32.9502 224.1706 48.5981 0.0099 -0.6143 0.7886 0.0268
33.1220 224.8136 48.6037 0.0120 -0.6129 0.7896 0.0272
33.4657 226.0997 48.6150 0.0160 -0.6100 0.7918 0.0281
33.6376 226.7427 48.6206 0.0180 -0.6085 0.7928 0.0286
33.8094 227.3857 48.6262 0.0200 -0.6070 0.7939 0.0290
34.1531 228.6718 48.6375 0.0241 -0.6041 0.7960 0.0299
34.3250 229.3148 48.6431 0.0261 -0.6026 0.7970 0.0304
34.4968 229.9578 48.6487 0.0281 -0.6011 0.7981 0.0308
34.8405 231.2439 48.6600 0.0322 -0.5982 0.8001 0.0318
35.1842 232.5299 48.6712 0.0362 -0.5952 0.8021 0.0327
35.8708 235.0838 48.3166 0.0367 -0.5939 0.8031 0.0318
36.2137 236.3516 47.9507 0.0332 -0.5957 0.8020 0.0300
36.3852 236.9855 47.7677 0.0315 -0.5965 0.8014 0.0291
36.5566 237.6195 47.5848 0.0297 -0.5974 0.8009 0.0283
36.8995 238.8873 47.2189 0.0262 -0.5991 0.7998 0.0265
37.0710 239.5212 47.0359 0.0245 -0.6000 0.7992 0.0256
37.2424 240.1551 46.8530 0.0227 -0.6009 0.7986 0.0247
37.5854 241.4229 46.4871 0.0192 -0.6026 0.7975 0.0229
37.7568 242.0569 46.3041 0.0175 -0.6034 0.7969 0.0221
37.9283 242.6908 46.1212 0.0157 -0.6043 0.7963 0.0212
38.2712 243.9586 45.7553 0.0122 -0.6059 0.7952 0.0194
38.4426 244.5925 45.5723 0.0105 -0.6068 0.7946 0.0185
38.6141 245.2264 45.3894 0.0087 -0.6076 0.7940 0.0176
38.9570 246.4943 45.0235 0.0052 -0.6093 0.7928 0.0159
39.1284 247.1282 44.8405 0.0035 -0.6101 0.7922 0.0150
39.2999 247.7621 44.6576 0.0017 -0.6109 0.7916 0.0141
39.6428 249.0299 44.2917 -0.0018 -0.6125 0.7903 0.0123
39.8143 249.6638 44.1087 -0.0036 -0.6134 0.7897 0.0114
39.9857 250.2977 43.9258 -0.0053 -0.6142 0.7891 0.0105
40.3286 251.5656 43.5599 -0.0088 -0.6158 0.7878 0.0088
40.6715 252.8334 43.1940 -0.0123 -0.6174 0.7865 0.0070
41.0144 254.1012 42.8281 -0.0158 -0.6190 0.7852 0.0052
41.1859 254.7351 42.6451 -0.0176 -0.6197 0.7846 0.0043
41.3574 255.3691 42.4622 -0.0193 -0.6205 0.7839 0.0035
41.7003 256.6369 42.0963 -0.0228 -0.6221 0.7826 0.0017
41.8717 257.2708 41.9133 -0.0246 -0.6229 0.7819 0.0008
42.0432 257.9047 41.7304 -0.0263 -0.6236 0.7813 -0.0001
42.3861 259.1725 41.3645 -0.0298 -0.6252 0.7799 -0.0019
42.5575 259.8065 41.1815 -0.0316 -0.6259 0.7792 -0.0027
42.7290 260.4404 40.9986 -0.0333 -0.6267 0.7785 -0.0036
43.0719 261.7082 40.6327 -0.0368 -0.6282 0.7771 -0.0054
43.4148 262.9760 40.2668 -0.0403 -0.6297 0.7757 -0.0072
43.7577 264.2439 39.9009 -0.0438 -0.6312 0.7743 -0.0090
43.9292 264.8778 39.7179 -0.0456 -0.6319 0.7736 -0.0098
44.1006 265.5117 39.5350 -0.0473 -0.6327 0.7729 -0.0107
44.4435 266.7795 39.1691 -0.0508 -0.6341 0.7714 -0.0125
44.6150 267.4134 38.9861 -0.0526 -0.6349 0.7707 -0.0134
44.7864 268.0473 38.8032 -0.0543 -0.6356 0.7700 -0.0143
45.1294 269.3152 38.4373 -0.0578 -0.6370 0.7685 -0.0160
45.3008 269.9491 38.2543 -0.0596 -0.6377 0.7678 -0.0169
45.4723 270.5830 38.0714 -0.0613 -0.6385 0.7670 -0.0178
45.8152 271.8508 37.7055 -0.0648 -0.6399 0.7655 -0.0196
46.1581 273.1187 37.3396 -0.0683 -0.6413 0.7640 -0.0214
46.9308 274.9962 37.7292 0.0955 0.6345 -0.7662 0.0354
47.3606 275.6059 38.4848 0.1192 0.6259 -0.7693 0.0476
47.7904 276.2156 39.2403 0.1427 0.6167 -0.7718 0.0598
48.2202 276.8254 39.9959 0.1662 0.6071 -0.7737 0.0720
48.6500 277.4351 40.7514 0.1895 0.5969 -0.7750 0.0841
49.0798 278.0448 41.5070 0.2126 0.5863 -0.7757 0.0961
49.5096 278.6545 42.2625 0.2356 0.5753 -0.7758 0.1080
49.9394 279.2643 43.0181 0.2584 0.5638 -0.7752 0.1199
50.1543 279.5691 43.3958 0.2697 0.5578 -0.7747 0.1258
50.3692 279.8740 43.7736 0.2810 0.5518 -0.7741 0.1317
50.7989 280.4837 44.5291 0.3034 0.5394 -0.7723 0.1433
51.2287 281.0934 45.2847 0.3255 0.5266 -0.7699 0.1549
51.6585 281.7031 46.0402 0.3474 0.5133 -0.7669 0.1663
52.0883 282.3129 46.7958 0.3690 0.4997 -0.7633 0.1776
52.5181 282.9226 47.5513 0.3903 0.4856 -0.7591 0.1888
52.9479 283.5323 48.3069 0.4113 0.4712 -0.7543 0.1998
54.1977 285.0251 48.8474 0.4340 0.4598 -0.7461 0.2087
55.0177 285.9082 48.6324 0.4361 0.4633 -0.7432 0.2068
55.4278 286.3498 48.5248 0.4371 0.4650 -0.7418 0.2058
55.8378 286.7913 48.4173 0.4381 0.4668 -0.7404 0.2049
56.6578 287.6744 48.2023 0.4402 0.4702 -0.7376 0.2029
57.0678 288.1160 48.0948 0.4412 0.4719 -0.7361 0.2020
57.4778 288.5575 47.9873 0.4422 0.4736 -0.7347 0.2010
58.2978 289.4406 47.7722 0.4442 0.4770 -0.7318 0.1991
59.1178 290.3237 47.5572 0.4462 0.4804 -0.7289 0.1971
59.9378 291.2068 47.3422 0.4482 0.4838 -0.7259 0.1952
60.3478 291.6484 47.2347 0.4492 0.4855 -0.7244 0.1942
60.7578 292.0899 47.1272 0.4502 0.4872 -0.7230 0.1932
61.5778 292.9730 46.9121 0.4521 0.4905 -0.7200 0.1913
62.3978 293.8561 46.6971 0.4541 0.4939 -0.7170 0.1893
63.2179 294.7392 46.4821 0.4560 0.4972 -0.7140 0.1873
63.6279 295.1808 46.3746 0.4570 0.4989 -0.7125 0.1864
64.0379 295.6223 46.2670 0.4579 0.5005 -0.7109 0.1854
64.8579 296.5054 46.0520 0.4598 0.5038 -0.7079 0.1834
65.6779 297.3885 45.8370 0.4617 0.5071 -0.7048 0.1814
66.4979 298.2716 45.6220 0.4636 0.5104 -0.7017 0.1794
66.9079 298.7131 45.5144 0.4646 0.5120 -0.7002 0.1784
67.3179 299.1547 45.4069 0.4655 0.5136 -0.6986 0.1774
68.1379 300.0378 45.1919 0.4674 0.5169 -0.6955 0.1754
68.9579 300.9209 44.9769 0.4692 0.5201 -0.6923 0.1734
69.7780 301.8040 44.7618 0.4710 0.5233 -0.6891 0.1714
70.1880 302.2455 44.6543 0.4719 0.5249 -0.6875 0.1704
70.5980 302.6871 44.5468 0.4729 0.5265 -0.6859 0.1694
71.4180 303.5702 44.3318 0.4747 0.5297 -0.6827 0.1674
72.2380 304.4533 44.1168 0.4765 0.5329 -0.6795 0.1653
73.0580 305.3364 43.9017 0.4782 0.5360 -0.6762 0.1633
73.4680 305.7779 43.7942 0.4791 0.5376 -0.6746 0.1623
73.8780 306.2195 43.6867 0.4800 0.5392 -0.6730 0.1613
74.6980 307.1026 43.4717 0.4818 0.5423 -0.6697 0.1592
75.5180 307.9857 43.2566 0.4835 0.5454 -0.6664 0.1572
76.3380 308.8688 43.0416 0.4852 0.5485 -0.6631 0.1552
76.7480 309.3103 42.9341 0.4861 0.5500 -0.6614 0.1541
77.1581 309.7519 42.8266 0.4869 0.5516 -0.6597 0.1531
77.9781 310.6350 42.6115 0.4886 0.5546 -0.6563 0.1510
78.7981 311.5181 42.3965 0.4903 0.5577 -0.6530 0.1490
81.3728 313.0426 42.4134 0.5262 0.5413 -0.6446 0.1206
82.2502 313.3634 42.5294 0.5429 0.5312 -0.6416 0.1073
83.1276 313.6841 42.6454 0.5592 0.5207 -0.6382 0.0940
84.0050 314.0049 42.7614 0.5753 0.5099 -0.6344 0.0806
84.8824 314.3256 42.8773 0.5910 0.4989 -0.6303 0.0671
85.7597 314.6463 42.9933 0.6064 0.4876 -0.6258 0.0537
86.6371 314.9671 43.1093 0.6214 0.4760 -0.6210 0.0402
87.5145 315.2878 43.2252 0.6361 0.4641 -0.6158 0.0266
88.3919 315.6086 43.3412 0.6504 0.4519 -0.6103 0.0131
89.2693 315.9293 43.4572 0.6644 0.4396 -0.6044 -0.0005
90.1466 316.2500 43.5732 0.6780 0.4269 -0.5982 -0.0140
91.0240 316.5708 43.6891 0.6912 0.4140 -0.5917 -0.0276
91.9014 316.8915 43.8051 0.7040 0.4009 -0.5848 -0.0411
92.7788 317.2123 43.9211 0.7164 0.3876 -0.5776 -0.0546
93.6562 317.5330 44.0371 0.7284 0.3740 -0.5700 -0.0681
94.5335 317.8537 44.1530 0.7400 0.3602 -0.5622 -0.0815
95.4109 318.1745 44.2690 0.7512 0.3462 -0.5540 -0.0949
96.2883 318.4952 44.3850 0.7619 0.3320 -0.5455 -0.1082
97.1657 318.8160 44.5010 0.7722 0.3177 -0.5366 -0.1215
98.0431 319.1367 44.6169 0.7821 0.3031 -0.5275 -0.1347
98.9204 319.4574 44.7329 0.7915 0.2884 -0.5181 -0.1478
99.7978 319.7782 44.8489 0.8005 0.2735 -0.5084 -0.1609
100.6752 320.0989 44.9648 0.8090 0.2585 -0.4984 -0.1738
101.5526 320.4197 45.0808 0.8171 0.2433 -0.4881 -0.1867
102.4300 320.7404 45.1968 0.8247 0.2280 -0.4776 -0.1994
103.3073 321.0611 45.3128 0.8319 0.2125 -0.4668 -0.2121
104.1847 321.3819 45.4287 0.8385 0.1970 -0.4557 -0.2246
105.0621 321.7026 45.5447 0.8447 0.1813 -0.4443 -0.2370
105.9395 322.0234 45.6607 0.8504 0.1655 -0.4327 -0.2492
106.8169 322.3441 45.7767 0.8557 0.1496 -0.4209 -0.2613
108.7213 322.6892 45.8752 0.8612 0.1340 -0.4115 -0.2667
109.7483 322.7135 45.8578 0.8618 0.1343 -0.4142 -0.2601
110.7754 322.7378 45.8405 0.8625 0.1347 -0.4169 -0.2535
111.8025 322.7621 45.8231 0.8631 0.1350 -0.4195 -0.2468
112.8295 322.7864 45.8057 0.8636 0.1353 -0.4221 -0.2402
113.8566 322.8107 45.7883 0.8641 0.1356 -0.4247 -0.2335
114.8836 322.8351 45.7709 0.8646 0.1359 -0.4273 -0.2268
115.9107 322.8594 45.7535 0.8650 0.1362 -0.4299 -0.2201
116.9377 322.8837 45.7361 0.8654 0.1365 -0.4324 -0.2134
117.9648 322.9080 45.7187 0.8657 0.1368 -0.4349 -0.2067
118.9918 322.9323 45.7013 0.8660 0.1371 -0.4374 -0.2000
120.0189 322.9566 45.6839 0.8662 0.1373 -0.4399 -0.1933
121.0459 322.9810 45.6665 0.8664 0.1376 -0.4423 -0.1865
122.0730 323.0053 45.6491 0.8665 0.1379 -0.4448 -0.1798
123.1000 323.0296 45.6317 0.8666 0.1381 -0.4472 -0.1730
124.1271 323.0539 45.6143 0.8667 0.1383 -0.4495 -0.1662
124.6406 323.0661 45.6056 0.8667 0.1385 -0.4507 -0.1628
125.1541 323.0782 45.5969 0.8667 0.1386 -0.4519 -0.1595
126.1812 323.1025 45.5795 0.8667 0.1388 -0.4542 -0.1527
127.2083 323.1269 45.5621 0.8666 0.1390 -0.4565 -0.1459
128.2353 323.1512 45.5448 0.8665 0.1392 -0.4588 -0.1391
129.2624 323.1755 45.5274 0.8663 0.1394 -0.4611 -0.1323
130.2894 323.1998 45.5100 0.8661 0.1396 -0.4633 -0.1254
131.3165 323.2241 45.4926 0.8658 0.1398 -0.4655 -0.1186
132.3435 323.2484 45.4752 0.8655 0.1400 -0.4677 -0.1118
133.3706 323.2728 45.4578 0.8652 0.1402 -0.4699 -0.1050
134.3976 323.2971 45.4404 0.8648 0.1403 -0.4720 -0.0981
135.4247 323.3214 45.4230 0.8644 0.1405 -0.4741 -0.0913
136.4517 323.3457 45.4056 0.8639 0.1407 -0.4762 -0.0844
137.4788 323.3700 45.3882 0.8634 0.1408 -0.4783 -0.0776
138.5058 323.3943 45.3708 0.8628 0.1409 -0.4803 -0.0707
139.5329 323.4187 45.3534 0.8622 0.1411 -0.4824 -0.0638
140.5599 323.4430 45.3360 0.8615 0.1412 -0.4844 -0.0570
141.0735 323.4551 45.3273 0.8612 0.1413 -0.4853 -0.0535
141.5870 323.4673 45.3186 0.8608 0.1413 -0.4863 -0.0501
142.6141 323.4916 45.3012 0.8601 0.1414 -0.4883 -0.0432
143.6411 323.5159 45.2838 0.8593 0.1415 -0.4902 -0.0364
144.6682 323.5402 45.2665 0.8584 0.1416 -0.4921 -0.0295
145.6952 323.5646 45.2491 0.8576 0.1417 -0.4940 -0.0226
146.7223 323.5889 45.2317 0.8566 0.1418 -0.4958 -0.0157
147.7493 323.6132 45.2143 0.8557 0.1419 -0.4976 -0.0089
148.7764 323.6375 45.1969 0.8547 0.1419 -0.4994 -0.0020
149.8034 323.6618 45.1795 0.8536 0.1420 -0.5012 0.0049
150.8305 323.6861 45.1621 0.8525 0.1420 -0.5029 0.0118
151.8575 323.7105 45.1447 0.8514 0.1421 -0.5046 0.0187
152.8846 323.7348 45.1273 0.8502 0.1421 -0.5063 0.0255
153.9116 323.7591 45.1099 0.8489 0.1422 -0.5080 0.0324
154.9387 323.7834 45.0925 0.8477 0.1422 -0.5096 0.0393
155.9657 323.8077 45.0751 0.8463 0.1422 -0.5112 0.0462
156.9928 323.8320 45.0577 0.8450 0.1422 -0.5128 0.0530
158.0199 323.8564 45.0403 0.8436 0.1422 -0.5144 0.0599
159.0469 323.8807 45.0229 0.8421 0.1422 -0.5159 0.0668
160.0740 323.9050 45.0055 0.8406 0.1422 -0.5174 0.0736
161.1010 323.9293 44.9882 0.8391 0.1422 -0.5189 0.0805
162.1281 323.9536 44.9708 0.8375 0.1421 -0.5203 0.0873
163.1551 323.9779 44.9534 0.8359 0.1421 -0.5217 0.0942
164.1822 324.0023 44.9360 0.8342 0.1421 -0.5231 0.1010
165.2092 324.0266 44.9186 0.8325 0.1420 -0.5245 0.1079
166.2363 324.0509 44.9012 0.8308 0.1419 -0.5258 0.1147
167.2633 324.0752 44.8838 0.8290 0.1419 -0.5272 0.1215
168.2904 324.0995 44.8664 0.8271 0.1418 -0.5284 0.1284
169.3174 324.1239 44.8490 0.8253 0.1417 -0.5297 0.1352
170.3445 324.1482 44.8316 0.8233 0.1416 -0.5309 0.1420
171.3715 324.1725 44.8142 0.8214 0.1415 -0.5321 0.1488
172.3986 324.1968 44.7968 0.8194 0.1414 -0.5333 0.1556
174.3760 324.1210 45.0466 -0.8218 -0.1447 0.5284 -0.1567
175.3264 324.0209 45.3137 -0.8262 -0.1481 0.5222 -0.1510
176.2768 323.9208 45.5808 -0.8305 -0.1515 0.5160 -0.1453
177.2272 323.8207 45.8479 -0.8347 -0.1548 0.5097 -0.1396
178.1776 323.7206 46.1151 -0.8389 -0.1581 0.5034 -0.1338
179.1280 323.6205 46.3822 -0.8429 -0.1614 0.4970 -0.1281
180.0784 323.5204 46.6493 -0.8469 -0.1647 0.4906 -0.1223
181.0288 323.4203 46.9164 -0.8508 -0.1680 0.4841 -0.1166
181.9792 323.3202 47.1836 -0.8546 -0.1713 0.4776 -0.1108
182.9296 323.2201 47.4507 -0.8583 -0.1745 0.4710 -0.1050
183.8800 323.1200 47.7178 -0.8619 -0.1777 0.4644 -0.0992
184.8304 323.0199 47.9849 -0.8655 -0.1810 0.4577 -0.0934
185.7808 322.9198 48.2521 -0.8689 -0.1841 0.4510 -0.0875
186.7312 322.8196 48.5192 -0.8723 -0.1873 0.4442 -0.0817
187.6816 322.7195 48.7863 -0.8756 -0.1905 0.4374 -0.0759
188.6320 322.6194 49.0534 -0.8788 -0.1936 0.4306 -0.0700
189.5824 322.5193 49.3206 -0.8819 -0.1967 0.4237 -0.0642
190.5328 322.4192 49.5877 -0.8849 -0.1998 0.4167 -0.0583
191.4831 322.3191 49.8548 -0.8878 -0.2029 0.4098 -0.0524
192.4335 322.2190 50.1219 -0.8906 -0.2059 0.4028 -0.0466
193.3839 322.1189 50.3891 -0.8934 -0.2090 0.3957 -0.0407
194.3343 322.0188 50.6562 -0.8960 -0.2120 0.3886 -0.0348
195.2847 321.9187 50.9233 -0.8986 -0.2150 0.3815 -0.0289
196.2351 321.8186 51.1904 -0.9010 -0.2179 0.3743 -0.0230
197.1855 321.7185 51.4576 -0.9034 -0.2209 0.3671 -0.0171
198.1359 321.6184 51.7247 -0.9057 -0.2238 0.3598 -0.0112
199.0863 321.5183 51.9918 -0.9079 -0.2267 0.3525 -0.0054
200.0367 321.4182 52.2589 -0.9100 -0.2296 0.3452 0.0005
200.9871 321.3181 52.5261 -0.9120 -0.2324 0.3378 0.0064
201.9375 321.2180 52.7932 -0.9139 -0.2353 0.3304 0.0123
202.8879 321.1179 53.0603 -0.9158 -0.2381 0.3230 0.0182
203.8383 321.0178 53.3274 -0.9175 -0.2409 0.3156 0.0241
204.7887 320.9176 53.5946 -0.9192 -0.2436 0.3081 0.0300
205.7391 320.8175 53.8617 -0.9207 -0.2464 0.3005 0.0359
206.6895 320.7174 54.1288 -0.9222 -0.2491 0.2930 0.0418
207.6399 320.6173 54.3959 -0.9235 -0.2518 0.2854 0.0476
208.5902 320.5172 54.6631 -0.9248 -0.2544 0.2778 0.0535
209.5406 320.4171 54.9302 -0.9260 -0.2571 0.2702 0.0594
210.4910 320.3170 55.1973 -0.9270 -0.2597 0.2625 0.0652
211.4414 320.2169 55.4644 -0.9280 -0.2622 0.2548 0.0711
212.3918 320.1168 55.7316 -0.9289 -0.2648 0.2471 0.0769
213.3422 320.0167 55.9987 -0.9297 -0.2673 0.2393 0.0828
214.2926 319.9166 56.2658 -0.9304 -0.2698 0.2316 0.0886
215.2430 319.8165 56.5329 -0.9311 -0.2723 0.2238 0.0944
216.1934 319.7164 56.8001 -0.9316 -0.2747 0.2160 0.1002
217.1438 319.6163 57.0672 -0.9320 -0.2772 0.2081 0.1061
218.0942 319.5162 57.3343 -0.9323 -0.2796 0.2003 0.1118
219.0446 319.4161 57.6014 -0.9326 -0.2819 0.1924 0.1176
219.9950 319.3160 57.8686 -0.9327 -0.2843 0.1845 0.1234
220.9454 319.2159 58.1357 -0.9328 -0.2866 0.1766 0.1291
221.8958 319.1158 58.4028 -0.9327 -0.2888 0.1686 0.1349
222.8462 319.0156 58.6699 -0.9326 -0.2911 0.1607 0.1406
223.7966 318.9155 58.9371 -0.9323 -0.2933 0.1527 0.1463
224.7470 318.8154 59.2042 -0.9320 -0.2955 0.1447 0.1520
225.6973 318.7153 59.4713 -0.9316 -0.2976 0.1367 0.1577
226.6477 318.6152 59.7384 -0.9311 -0.2998 0.1287 0.1634
227.5981 318.5151 60.0056 -0.9304 -0.3019 0.1207 0.1690
228.5485 318.4150 60.2727 -0.9297 -0.3039 0.1127 0.1747
229.4989 318.3149 60.5398 -0.9289 -0.3060 0.1046 0.1803
230.4493 318.2148 60.8069 -0.9280 -0.3080 0.0966 0.1859
231.3997 318.1147 61.0741 -0.9271 -0.3100 0.0885 0.1915
232.3501 318.0146 61.3412 -0.9260 -0.3119 0.0804 0.1970
233.3005 317.9145 61.6083 -0.9248 -0.3138 0.0723 0.2026
235.6093 317.7629 61.7888 0.9234 0.3121 -0.0659 -0.2135
236.9676 317.7115 61.7021 0.9232 0.3085 -0.0676 -0.2188
237.6468 317.6858 61.6587 0.9231 0.3068 -0.0685 -0.2215
238.3260 317.6600 61.6154 0.9230 0.3050 -0.0693 -0.2242
239.6844 317.6086 61.5287 0.9227 0.3014 -0.0710 -0.2295
240.3636 317.5829 61.4853 0.9226 0.2995 -0.0718 -0.2322
241.0428 317.5571 61.4420 0.9224 0.2977 -0.0727 -0.2349
242.4011 317.5057 61.3553 0.9221 0.2941 -0.0743 -0.2402
243.0803 317.4800 61.3120 0.9219 0.2923 -0.0752 -0.2428
243.7595 317.4542 61.2686 0.9217 0.2905 -0.0760 -0.2455
245.1179 317.4028 61.1819 0.9213 0.2868 -0.0777 -0.2508
245.7971 317.3771 61.1386 0.9211 0.2850 -0.0785 -0.2535
246.4763 317.3513 61.0952 0.9208 0.2831 -0.0793 -0.2561
247.8346 317.2999 61.0085 0.9203 0.2795 -0.0810 -0.2614
248.5138 317.2741 60.9652 0.9201 0.2776 -0.0818 -0.2640
249.1930 317.2484 60.9219 0.9198 0.2758 -0.0826 -0.2666
250.5514 317.1970 60.8352 0.9192 0.2720 -0.0843 -0.2719
251.2306 317.1712 60.7918 0.9189 0.2702 -0.0851 -0.2745
251.9098 317.1455 60.7485 0.9186 0.2683 -0.0859 -0.2771
253.2681 317.0941 60.6618 0.9179 0.2646 -0.0876 -0.2824
254.6265 317.0426 60.5751 0.9172 0.2609 -0.0892 -0.2876
255.9849 316.9912 60.4884 0.9165 0.2571 -0.0909 -0.2928
256.6641 316.9654 60.4451 0.9161 0.2552 -0.0917 -0.2954
257.3433 316.9397 60.4017 0.9157 0.2533 -0.0925 -0.2980
258.7016 316.8883 60.3150 0.9148 0.2496 -0.0941 -0.3032
259.3808 316.8625 60.2717 0.9144 0.2477 -0.0949 -0.3058
260.0600 316.8368 60.2283 0.9140 0.2458 -0.0957 -0.3083
261.4184 316.7854 60.1416 0.9131 0.2420 -0.0974 -0.3135
262.0976 316.7596 60.0983 0.9126 0.2401 -0.0982 -0.3161
262.7768 316.7339 60.0549 0.9121 0.2382 -0.0990 -0.3186
264.1351 316.6825 59.9683 0.9111 0.2343 -0.1006 -0.3238
265.4935 316.6310 59.8816 0.9101 0.2305 -0.1022 -0.3289
266.8519 316.5796 59.7949 0.9090 0.2267 -0.1038 -0.3340
267.5311 316.5538 59.7515 0.9085 0.2248 -0.1046 -0.3365
268.2103 316.5281 59.7082 0.9079 0.2228 -0.1054 -0.3390
269.5686 316.4767 59.6215 0.9068 0.2190 -0.1070 -0.3441
270.2478 316.4509 59.5782 0.9062 0.2170 -0.1078 -0.3466
270.9270 316.4252 59.5348 0.9056 0.2151 -0.1086 -0.3492
272.2854 316.3737 59.4481 0.9043 0.2112 -0.1102 -0.3542
272.9646 316.3480 59.4048 0.9037 0.2093 -0.1109 -0.3567
273.6438 316.3223 59.3614 0.9031 0.2073 -0.1117 -0.3592
275.0021 316.2708 59.2747 0.9017 0.2034 -0.1133 -0.3642
276.3605 316.2194 59.1880 0.9004 0.1995 -0.1149 -0.3692
277.7978 314.9579 58.9626 -0.8952 -0.1797 0.1183 0.3904
277.8767 313.7479 58.8238 -0.8908 -0.1638 0.1200 0.4064
277.9162 313.1429 58.7545 -0.8885 -0.1557 0.1209 0.4144
277.9557 312.5378 58.6851 -0.8860 -0.1477 0.1217 0.4222
278.0346 311.3278 58.5463 -0.8808 -0.1316 0.1234 0.4378
278.0741 310.7228 58.4769 -0.8780 -0.1235 0.1242 0.4455
278.1135 310.1178 58.4075 -0.8750 -0.1154 0.1249 0.4532
278.1925 308.9077 58.2688 -0.8688 -0.0991 0.1264 0.4683
278.2714 307.6977 58.1300 -0.8622 -0.0828 0.1279 0.4831
278.3503 306.4877 57.9913 -0.8551 -0.0664 0.1293 0.4977
278.3898 305.8826 57.9219 -0.8513 -0.0582 0.1299 0.5049
278.4293 305.2776 57.8525 -0.8475 -0.0500 0.1306 0.5121
278.5082 304.0676 57.7137 -0.8395 -0.0336 0.1318 0.5261
278.5871 302.8576 57.5750 -0.8310 -0.0172 0.1329 0.5399
278.6661 301.6475 57.4362 -0.8220 -0.0007 0.1340 0.5534
278.7055 301.0425 57.3668 -0.8174 0.0075 0.1345 0.5601
278.7450 300.4375 57.2975 -0.8127 0.0157 0.1350 0.5666
278.8239 299.2275 57.1587 -0.8029 0.0322 0.1360 0.5795
278.9029 298.0174 57.0199 -0.7927 0.0486 0.1369 0.5921
278.9818 296.8074 56.8812 -0.7820 0.0650 0.1377 0.6044
279.0213 296.2024 56.8118 -0.7765 0.0732 0.1380 0.6104
279.0607 295.5974 56.7424 -0.7710 0.0814 0.1384 0.6163
279.1397 294.3873 56.6037 -0.7595 0.0977 0.1390 0.6279
279.2186 293.1773 56.4649 -0.7476 0.1140 0.1396 0.6392
279.2975 291.9672 56.3261 -0.7353 0.1302 0.1401 0.6502
279.3370 291.3622 56.2568 -0.7290 0.1383 0.1403 0.6555
279.3765 290.7572 56.1874 -0.7226 0.1463 0.1405 0.6608
279.4554 289.5472 56.0486 -0.7096 0.1624 0.1409 0.6710
279.5343 288.3371 55.9099 -0.6962 0.1784 0.1412 0.6809
279.6132 287.1271 55.7711 -0.6823 0.1942 0.1414 0.6904
279.6527 286.5221 55.7017 -0.6753 0.2021 0.1415 0.6950
279.6922 285.9171 55.6323 -0.6682 0.2100 0.1415 0.6996
279.7711 284.7070 55.4936 -0.6536 0.2257 0.1416 0.7084
279.8500 283.4970 55.3548 -0.6388 0.2412 0.1415 0.7168
279.9290 282.2870 55.2160 -0.6236 0.2566 0.1414 0.7248
279.9684 281.6820 55.1467 -0.6158 0.2643 0.1414 0.7286
280.0079 281.0769 55.0773 -0.6080 0.2719 0.1413 0.7324
280.0868 279.8669 54.9385 -0.5921 0.2871 0.1410 0.7397
280.1658 278.6569 54.7998 -0.5759 0.3020 0.1407 0.7465
280.1041 276.0294 54.5372 0.5608 -0.3123 -0.1407 -0.7538
279.9636 274.6120 54.4133 0.5622 -0.3077 -0.1411 -0.7545
279.8933 273.9032 54.3514 0.5629 -0.3054 -0.1414 -0.7549
279.8230 273.1945 54.2895 0.5636 -0.3031 -0.1416 -0.7553
279.6824 271.7771 54.1657 0.5649 -0.2985 -0.1420 -0.7560
279.6121 271.0684 54.1038 0.5656 -0.2962 -0.1422 -0.7564
279.5419 270.3596 54.0419 0.5663 -0.2939 -0.1424 -0.7568
279.4013 268.9422 53.9180 0.5676 -0.2893 -0.1428 -0.7575
279.3310 268.2335 53.8561 0.5682 -0.2870 -0.1430 -0.7578
279.2607 267.5248 53.7942 0.5689 -0.2847 -0.1432 -0.7582
279.1202 266.1073 53.6704 0.5702 -0.2801 -0.1436 -0.7588
279.0499 265.3986 53.6085 0.5708 -0.2777 -0.1439 -0.7592
278.9796 264.6899 53.5466 0.5715 -0.2754 -0.1441 -0.7595
278.8390 263.2725 53.4227 0.5727 -0.2708 -0.1445 -0.7601
278.7687 262.5637 53.3608 0.5734 -0.2685 -0.1447 -0.7604
278.6985 261.8550 53.2989 0.5740 -0.2661 -0.1449 -0.7607
278.5579 260.4376 53.1751 0.5752 -0.2615 -0.1452 -0.7613
278.4876 259.7289 53.1132 0.5758 -0.2592 -0.1454 -0.7616
278.4173 259.0201 53.0512 0.5765 -0.2568 -0.1456 -0.7619
278.2768 257.6027 52.9274 0.5777 -0.2522 -0.1460 -0.7625
278.2065 256.8940 52.8655 0.5783 -0.2498 -0.1462 -0.7628
278.1362 256.1853 52.8036 0.5789 -0.2475 -0.1464 -0.7630
277.9956 254.7678 52.6798 0.5801 -0.2428 -0.1468 -0.7636
277.9253 254.0591 52.6179 0.5806 -0.2405 -0.1470 -0.7638
277.8551 253.3504 52.5559 0.5812 -0.2382 -0.1472 -0.7641
277.7145 251.9330 52.4321 0.5824 -0.2335 -0.1475 -0.7646
277.6442 251.2242 52.3702 0.5830 -0.2311 -0.1477 -0.7648
277.5739 250.5155 52.3083 0.5835 -0.2288 -0.1479 -0.7650
277.4333 249.0981 52.1845 0.5847 -0.2241 -0.1483 -0.7655
277.3631 248.3894 52.1225 0.5852 -0.2217 -0.1485 -0.7657
277.2928 247.6807 52.0606 0.5858 -0.2194 -0.1486 -0.7659
277.1522 246.2632 51.9368 0.5869 -0.2147 -0.1490 -0.7663
277.0819 245.5545 51.8749 0.5874 -0.2123 -0.1492 -0.7665
277.0116 244.8458 51.8130 0.5880 -0.2100 -0.1494 -0.7667
276.8711 243.4283 51.6892 0.5891 -0.2053 -0.1497 -0.7671
276.8008 242.7196 51.6272 0.5896 -0.2029 -0.1499 -0.7673
276.7305 242.0109 51.5653 0.5901 -0.2005 -0.1501 -0.7675
276.5899 240.5935 51.4415 0.5912 -0.1958 -0.1504 -0.7678
276.5197 239.8847 51.3796 0.5917 -0.1934 -0.1506 -0.7680
276.4494 239.1760 51.3177 0.5922 -0.1911 -0.1508 -0.7682
276.3088 237.7586 51.1938 0.5932 -0.1863 -0.1511 -0.7685
276.2385 237.0499 51.1319 0.5937 -0.1840 -0.1513 -0.7686
276.1682 236.3412 51.0700 0.5942 -0.1816 -0.1514 -0.7688
276.0277 234.9237 50.9462 0.5952 -0.1769 -0.1518 -0.7690
275.8871 233.5063 50.8224 0.5962 -0.1721 -0.1521 -0.7693
275.7465 232.0888 50.6985 0.5972 -0.1674 -0.1524 -0.7695
275.6763 231.3801 50.6366 0.5976 -0.1650 -0.1526 -0.7696
275.6060 230.6714 50.5747 0.5981 -0.1626 -0.1527 -0.7697
275.4654 229.2540 50.4509 0.5990 -0.1578 -0.1530 -0.7699
275.3951 228.5453 50.3890 0.5995 -0.1555 -0.1532 -0.7700
275.3248 227.8365 50.3271 0.6000 -0.1531 -0.1534 -0.7701
275.1843 226.4191 50.2032 0.6009 -0.1483 -0.1537 -0.7703
275.1140 225.7104 50.1413 0.6013 -0.1459 -0.1538 -0.7704
275.0437 225.0017 50.0794 0.6018 -0.1435 -0.1540 -0.7704
274.9031 223.5842 49.9556 0.6026 -0.1388 -0.1543 -0.7706
274.8328 222.8755 49.8937 0.6031 -0.1364 -0.1544 -0.7706
274.7626 222.1668 49.8317 0.6035 -0.1340 -0.1546 -0.7707
274.6220 220.7493 49.7079 0.6044 -0.1292 -0.1549 -0.7708
274.5517 220.0406 49.6460 0.6048 -0.1268 -0.1550 -0.7708
274.4814 219.3319 49.5841 0.6052 -0.1244 -0.1552 -0.7708
274.3409 217.9145 49.4603 0.6060 -0.1196 -0.1554 -0.7709
274.2706 217.2058 49.3984 0.6064 -0.1172 -0.1556 -0.7709
274.2003 216.4970 49.3364 0.6068 -0.1148 -0.1557 -0.7709
274.0597 215.0796 49.2126 0.6076 -0.1100 -0.1560 -0.7709
273.9894 214.3709 49.1507 0.6080 -0.1077 -0.1562 -0.7709
273.9192 213.6622 49.0888 0.6084 -0.1053 -0.1563 -0.7709
273.7786 212.2447 48.9650 0.6092 -0.1005 -0.1566 -0.7709
273.6380 210.8273 48.8411 0.6099 -0.0957 -0.1568 -0.7709
273.4974 209.4099 48.7173 0.6106 -0.0909 -0.1571 -0.7708
273.4272 208.7011 48.6554 0.6110 -0.0885 -0.1572 -0.7708
273.3569 207.9924 48.5935 0.6114 -0.0860 -0.1574 -0.7708
273.2163 206.5750 48.4696 0.6121 -0.0812 -0.1576 -0.7707
273.1460 205.8663 48.4077 0.6124 -0.0788 -0.1577 -0.7706
273.0757 205.1575 48.3458 0.6128 -0.0764 -0.1579 -0.7706
272.9352 203.7401 48.2220 0.6134 -0.0716 -0.1581 -0.7704
272.8649 203.0314 48.1601 0.6138 -0.0692 -0.1582 -0.7704
272.7946 202.3227 48.0982 0.6141 -0.0668 -0.1584 -0.7703
272.6540 200.9052 47.9743 0.6147 -0.0620 -0.1586 -0.7701
272.5838 200.1965 47.9124 0.6151 -0.0596 -0.1587 -0.7700
272.5135 199.4878 47.8505 0.6154 -0.0572 -0.1589 -0.7699
272.3729 198.0704 47.7267 0.6160 -0.0524 -0.1591 -0.7697
272.3026 197.3616 47.6648 0.6163 -0.0500 -0.1592 -0.7696
272.2323 196.6529 47.6029 0.6166 -0.0476 -0.1593 -0.7695
272.0918 195.2355 47.4790 0.6172 -0.0427 -0.1595 -0.7693
272.0215 194.5268 47.4171 0.6175 -0.0403 -0.1597 -0.7692
271.9512 193.8180 47.3552 0.6178 -0.0379 -0.1598 -0.7690
271.8106 192.4006 47.2314 0.6183 -0.0331 -0.1600 -0.7688
271.7404 191.6919 47.1695 0.6186 -0.0307 -0.1601 -0.7686
271.6701 190.9832 47.1076 0.6189 -0.0283 -0.1602 -0.7685
271.5295 189.5657 46.9837 0.6194 -0.0234 -0.1604 -0.7681
271.3889 188.1483 46.8599 0.6199 -0.0186 -0.1606 -0.7678
271.2350 185.3167 47.2621 0.6391 -0.0203 -0.1549 -0.7531
271.2283 184.6097 47.5252 0.6483 -0.0236 -0.1520 -0.7457
271.2216 183.9026 47.7882 0.6574 -0.0269 -0.1489 -0.7382
271.2149 183.1955 48.0513 0.6664 -0.0301 -0.1459 -0.7305
271.2082 182.4885 48.3143 0.6753 -0.0334 -0.1429 -0.7228
271.1949 181.0743 48.8404 0.6928 -0.0399 -0.1367 -0.7070
271.1882 180.3673 49.1034 0.7014 -0.0431 -0.1335 -0.6989
271.1815 179.6602 49.3665 0.7098 -0.0463 -0.1304 -0.6907
271.1681 178.2461 49.8925 0.7264 -0.0528 -0.1240 -0.6740
271.1614 177.5390 50.1556 0.7345 -0.0560 -0.1208 -0.6654
271.1547 176.8319 50.4186 0.7425 -0.0592 -0.1176 -0.6568
271.1414 175.4178 50.9447 0.7581 -0.0655 -0.1111 -0.6392
271.1347 174.7107 51.2077 0.7657 -0.0687 -0.1078 -0.6303
271.1280 174.0037 51.4708 0.7733 -0.0719 -0.1045 -0.6213
271.1146 172.5895 51.9969 0.7879 -0.0781 -0.0979 -0.6029
271.1079 171.8825 52.2599 0.7951 -0.0812 -0.0945 -0.5936
271.1012 171.1754 52.5229 0.8021 -0.0844 -0.0912 -0.5842
271.0879 169.7613 53.0490 0.8157 -0.0905 -0.0844 -0.5650
271.0812 169.0542 53.3121 0.8224 -0.0936 -0.0810 -0.5553
271.0745 168.3471 53.5751 0.8289 -0.0966 -0.0776 -0.5456
271.0611 166.9330 54.1012 0.8415 -0.1027 -0.0707 -0.5257
271.0544 166.2259 54.3642 0.8476 -0.1057 -0.0673 -0.5157
271.0477 165.5189 54.6273 0.8535 -0.1087 -0.0638 -0.5056
271.0344 164.1048 55.1533 0.8651 -0.1146 -0.0569 -0.4851
271.0277 163.3977 55.4164 0.8706 -0.1175 -0.0534 -0.4747
271.0210 162.6906 55.6794 0.8760 -0.1204 -0.0499 -0.4643
271.0143 161.9836 55.9425 0.8813 -0.1233 -0.0464 -0.4538
271.0076 161.2765 56.2055 0.8864 -0.1262 -0.0429 -0.4432
271.0009 160.5694 56.4685 0.8914 -0.1291 -0.0393 -0.4326
270.9942 159.8624 56.7316 0.8963 -0.1319 -0.0358 -0.4219
270.9809 158.4482 57.2577 0.9056 -0.1375 -0.0287 -0.4002
270.9742 157.7412 57.5207 0.9100 -0.1403 -0.0252 -0.3893
270.9675 157.0341 57.7837 0.9143 -0.1430 -0.0217 -0.3783
270.9541 155.6200 58.3098 0.9224 -0.1485 -0.0146 -0.3562
270.9474 154.9129 58.5729 0.9263 -0.1511 -0.0110 -0.3450
270.9407 154.2058 58.8359 0.9300 -0.1538 -0.0074 -0.3338
270.9274 152.7917 59.3620 0.9369 -0.1590 -0.0003 -0.3113
270.9207 152.0846 59.6250 0.9402 -0.1616 0.0032 -0.2999
270.9140 151.3776 59.8881 0.9433 -0.1642 0.0068 -0.2885
270.9006 149.9634 60.4141 0.9490 -0.1692 0.0139 -0.2656
270.8939 149.2564 60.6772 0.9517 -0.1717 0.0174 -0.2540
270.8872 148.5493 60.9402 0.9542 -0.1741 0.0210 -0.2424
270.8739 147.1352 61.4663 0.9587 -0.1789 0.0281 -0.2192
270.8672 146.4281 61.7293 0.9608 -0.1813 0.0316 -0.2075
270.8605 145.7210 61.9924 0.9627 -0.1836 0.0352 -0.1958
270.8471 144.3069 62.5184 0.9660 -0.1882 0.0422 -0.1722
270.8404 143.5998 62.7815 0.9674 -0.1904 0.0457 -0.1604
270.8337 142.8928 63.0445 0.9687 -0.1927 0.0492 -0.1486
271.2570 140.5545 63.9729 0.9697 -0.1876 0.0621 -0.1439
271.6937 139.6303 64.3752 0.9680 -0.1781 0.0679 -0.1630
272.1303 138.7061 64.7775 0.9660 -0.1685 0.0737 -0.1820
272.5670 137.7820 65.1798 0.9634 -0.1589 0.0794 -0.2008
272.7853 137.3199 65.3810 0.9619 -0.1540 0.0822 -0.2102
273.0036 136.8578 65.5821 0.9604 -0.1491 0.0851 -0.2196
273.4403 135.9336 65.9844 0.9569 -0.1393 0.0908 -0.2383
273.8769 135.0095 66.3868 0.9529 -0.1294 0.0964 -0.2568
274.3136 134.0853 66.7891 0.9484 -0.1195 0.1019 -0.2753
274.5319 133.6232 66.9902 0.9461 -0.1145 0.1047 -0.2844
274.7502 133.1611 67.1914 0.9435 -0.1095 0.1075 -0.2936
275.1869 132.2370 67.5937 0.9382 -0.0994 0.1129 -0.3117
275.6236 131.3128 67.9960 0.9324 -0.0893 0.1183 -0.3297
276.0602 130.3886 68.3983 0.9261 -0.0792 0.1237 -0.3476
276.4969 129.4644 68.8006 0.9194 -0.0690 0.1290 -0.3652
276.9335 128.5403 69.2029 0.9122 -0.0588 0.1342 -0.3827
277.3702 127.6161 69.6052 0.9045 -0.0485 0.1394 -0.4000
277.8068 126.6919 70.0075 0.8965 -0.0383 0.1445 -0.4171
278.0252 126.2299 70.2087 0.8923 -0.0331 0.1470 -0.4256
278.2435 125.7678 70.4098 0.8880 -0.0280 0.1495 -0.4340
278.6801 124.8436 70.8121 0.8790 -0.0177 0.1545 -0.4507
279.1168 123.9194 71.2144 0.8697 -0.0074 0.1593 -0.4672
279.5534 122.9953 71.6167 0.8599 0.0029 0.1641 -0.4834
279.9901 122.0711 72.0190 0.8496 0.0133 0.1688 -0.4994
280.4268 121.1469 72.4213 0.8390 0.0236 0.1735 -0.5152
280.8634 120.2228 72.8237 0.8280 0.0339 0.1780 -0.5307
281.3001 119.2986 73.2260 0.8165 0.0441 0.1825 -0.5459
281.5184 118.8365 73.4271 0.8106 0.0493 0.1847 -0.5535
281.7367 118.3744 73.6283 0.8047 0.0544 0.1869 -0.5609
282.1734 117.4503 74.0306 0.7924 0.0646 0.1912 -0.5756
282.6100 116.5261 74.4329 0.7798 0.0748 0.1953 -0.5901
283.0467 115.6019 74.8352 0.7668 0.0850 0.1994 -0.6042
283.4833 114.6777 75.2375 0.7534 0.0951 0.2034 -0.6180
283.9200 113.7536 75.6398 0.7396 0.1052 0.2073 -0.6316
284.3566 112.8294 76.0421 0.7255 0.1152 0.2111 -0.6448
285.5332 111.3674 76.9428 -0.7188 -0.1016 -0.2194 0.6518
286.2731 110.8295 77.4412 -0.7261 -0.0779 -0.2238 0.6455
287.0129 110.2917 77.9396 -0.7329 -0.0542 -0.2280 0.6387
287.7528 109.7538 78.4380 -0.7391 -0.0304 -0.2321 0.6316
288.4927 109.2160 78.9365 -0.7449 -0.0066 -0.2361 0.6239
289.2326 108.6781 79.4349 -0.7502 0.0172 -0.2398 0.6159
289.9725 108.1403 79.9333 -0.7550 0.0410 -0.2435 0.6075
290.7123 107.6024 80.4317 -0.7593 0.0647 -0.2469 0.5986
291.0823 107.3335 80.6809 -0.7612 0.0766 -0.2486 0.5940
291.4522 107.0645 80.9301 -0.7631 0.0884 -0.2502 0.5893
292.1921 106.5267 81.4285 -0.7663 0.1121 -0.2533 0.5797
292.9320 105.9888 81.9269 -0.7690 0.1357 -0.2563 0.5696
293.6719 105.4510 82.4253 -0.7713 0.1591 -0.2591 0.5592
294.4118 104.9131 82.9237 -0.7730 0.1825 -0.2617 0.5484
295.1516 104.3753 83.4221 -0.7741 0.2058 -0.2641 0.5372
295.8915 103.8374 83.9205 -0.7748 0.2289 -0.2663 0.5257
296.6314 103.2996 84.4189 -0.7749 0.2518 -0.2684 0.5138
297.0013 103.0306 84.6682 -0.7748 0.2633 -0.2694 0.5077
297.3713 102.7617 84.9174 -0.7746 0.2746 -0.2703 0.5016
298.1112 102.2239 85.4158 -0.7736 0.2972 -0.2720 0.4890
298.8510 101.6860 85.9142 -0.7722 0.3197 -0.2735 0.4761
299.5909 101.1481 86.4126 -0.7703 0.3418 -0.2749 0.4629
300.3308 100.6103 86.9110 -0.7678 0.3638 -0.2760 0.4493
301.0707 100.0724 87.4094 -0.7648 0.3855 -0.2770 0.4355
301.8106 99.5346 87.9078 -0.7613 0.4070 -0.2778 0.4214
302.5504 98.9967 88.4062 -0.7573 0.4282 -0.2784 0.4070
303.2903 98.4589 88.9046 -0.7528 0.4491 -0.2788 0.3923
304.0302 97.9210 89.4030 -0.7478 0.4697 -0.2790 0.3773
304.7701 97.3832 89.9014 -0.7423 0.4899 -0.2791 0.3621
305.5100 96.8453 90.3999 -0.7362 0.5099 -0.2789 0.3467
306.2498 96.3075 90.8983 -0.7297 0.5295 -0.2786 0.3310
306.9897 95.7696 91.3967 -0.7227 0.5487 -0.2780 0.3151
307.7296 95.2318 91.8951 -0.7152 0.5676 -0.2773 0.2990
309.2763 95.2709 92.5743 -0.7160 0.5902 -0.2566 0.2706
310.0832 95.8479 92.7551 -0.7243 0.5939 -0.2366 0.2583
310.8900 96.4249 92.9359 -0.7321 0.5973 -0.2164 0.2458
311.6969 97.0019 93.1167 -0.7395 0.6002 -0.1962 0.2332
312.5038 97.5789 93.2975 -0.7464 0.6028 -0.1757 0.2205
313.3106 98.1559 93.4784 -0.7528 0.6050 -0.1552 0.2076
314.1175 98.7329 93.6592 -0.7588 0.6069 -0.1346 0.1946
314.9243 99.3099 93.8400 -0.7642 0.6083 -0.1139 0.1814
315.7312 99.8869 94.0208 -0.7692 0.6094 -0.0931 0.1681
316.5380 100.4639 94.2016 -0.7737 0.6100 -0.0723 0.1548
317.3449 101.0409 94.3824 -0.7778 0.6103 -0.0514 0.1413
318.1517 101.6179 94.5632 -0.7813 0.6102 -0.0305 0.1278
318.9586 102.1949 94.7440 -0.7843 0.6097 -0.0096 0.1141
319.7654 102.7719 94.9249 -0.7868 0.6088 0.0113 0.1004
320.5723 103.3489 95.1057 -0.7889 0.6076 0.0323 0.0866
321.3791 103.9259 95.2865 -0.7904 0.6059 0.0532 0.0728
321.7826 104.2144 95.3769 -0.7910 0.6050 0.0636 0.0659
322.1860 104.5029 95.4673 -0.7914 0.6039 0.0741 0.0589
322.9928 105.0799 95.6481 -0.7919 0.6015 0.0949 0.0450
323.7997 105.6570 95.8289 -0.7920 0.5987 0.1157 0.0311
324.6065 106.2340 96.0097 -0.7915 0.5955 0.1364 0.0171
325.4134 106.8110 96.1905 -0.7905 0.5920 0.1570 0.0032
326.2202 107.3880 96.3713 -0.7890 0.5880 0.1775 -0.0108
327.0271 107.9650 96.5522 -0.7871 0.5837 0.1979 -0.0248
327.8339 108.5420 96.7330 -0.7846 0.5791 0.2181 -0.0387
328.6408 109.1190 96.9138 -0.7816 0.5740 0.2383 -0.0526
329.4477 109.6960 97.0946 -0.7782 0.5686 0.2583 -0.0665
330.2545 110.2730 97.2754 -0.7742 0.5629 0.2781 -0.0804
331.0614 110.8500 97.4562 -0.7697 0.5568 0.2977 -0.0942
331.8682 111.4270 97.6370 -0.7648 0.5503 0.3172 -0.1079
332.6751 112.0040 97.8178 -0.7594 0.5435 0.3364 -0.1216
333.4819 112.5810 97.9986 -0.7535 0.5363 0.3555 -0.1352
334.5611 113.9985 99.3943 0.7318 -0.5363 -0.3894 0.1591
334.6973 114.4187 100.0017 0.7239 -0.5398 -0.3969 0.1642
334.8334 114.8389 100.6091 0.7160 -0.5433 -0.4044 0.1693
334.9696 115.2592 101.2166 0.7079 -0.5468 -0.4117 0.1744
335.1058 115.6794 101.8240 0.6997 -0.5501 -0.4190 0.1795
335.3781 116.5199 103.0388 0.6830 -0.5565 -0.4334 0.1896
335.5142 116.9401 103.6463 0.6745 -0.5596 -0.4405 0.1946
335.6504 117.3604 104.2537 0.6659 -0.5625 -0.4476 0.1995
335.9227 118.2009 105.4685 0.6484 -0.5682 -0.4614 0.2093
336.0589 118.6211 106.0759 0.6394 -0.5710 -0.4682 0.2142
336.1951 119.0413 106.6834 0.6304 -0.5736 -0.4750 0.2190
336.4674 119.8818 107.8982 0.6121 -0.5786 -0.4882 0.2286
336.6036 120.3021 108.5056 0.6027 -0.5809 -0.4948 0.2333
336.7397 120.7223 109.1130 0.5933 -0.5832 -0.5012 0.2380
337.0121 121.5628 110.3279 0.5742 -0.5874 -0.5138 0.2472
337.1482 121.9830 110.9353 0.5646 -0.5894 -0.5200 0.2518
337.2844 122.4033 111.5427 0.5548 -0.5913 -0.5262 0.2563
337.5567 123.2437 112.7576 0.5350 -0.5948 -0.5381 0.2653
337.6929 123.6640 113.3650 0.5249 -0.5965 -0.5440 0.2697
337.8290 124.0842 113.9724 0.5148 -0.5980 -0.5498 0.2740
338.1014 124.9247 115.1873 0.4944 -0.6007 -0.5611 0.2826
338.2375 125.3449 115.7947 0.4840 -0.6020 -0.5666 0.2869
338.3737 125.7652 116.4021 0.4736 -0.6031 -0.5721 0.2911
338.6460 126.6057 117.6170 0.4525 -0.6051 -0.5826 0.2993
338.7822 127.0259 118.2244 0.4419 -0.6060 -0.5878 0.3034
338.9184 127.4461 118.8318 0.4311 -0.6068 -0.5929 0.3074
339.0545 127.8664 119.4392 0.4204 -0.6074 -0.5978 0.3113
339.1907 128.2866 120.0466 0.4095 -0.6080 -0.6027 0.3152
339.3269 128.7069 120.6541 0.3986 -0.6085 -0.6075 0.3191
339.4630 129.1271 121.2615 0.3876 -0.6089 -0.6122 0.3229
339.7353 129.9676 122.4763 0.3655 -0.6093 -0.6213 0.3303
339.8715 130.3878 123.0837 0.3543 -0.6094 -0.6257 0.3340
340.0077 130.8081 123.6912 0.3431 -0.6094 -0.6300 0.3376
340.2800 131.6485 124.9060 0.3205 -0.6092 -0.6383 0.3446
340.4162 132.0688 125.5134 0.3092 -0.6089 -0.6423 0.3481
340.5523 132.4890 126.1209 0.2978 -0.6085 -0.6462 0.3514
340.8247 133.3295 127.3357 0.2748 -0.6074 -0.6537 0.3580
340.9608 133.7497 127.9431 0.2633 -0.6068 -0.6573 0.3613
341.0970 134.1700 128.5505 0.2517 -0.6060 -0.6608 0.3644
341.3693 135.0104 129.7654 0.2284 -0.6042 -0.6674 0.3706
341.5055 135.4307 130.3728 0.2167 -0.6031 -0.6706 0.3736
341.6416 135.8509 130.9802 0.2049 -0.6020 -0.6737 0.3765
341.9140 136.6914 132.1951 0.1814 -0.5994 -0.6795 0.3822
342.0501 137.1116 132.8025 0.1695 -0.5980 -0.6823 0.3849
342.1863 137.5319 133.4099 0.1577 -0.5965 -0.6849 0.3876
342.4586 138.3724 134.6248 0.1339 -0.5931 -0.6899 0.3928
342.5948 138.7926 135.2322 0.1220 -0.5913 -0.6922 0.3953
342.7310 139.2128 135.8396 0.1100 -0.5895 -0.6944 0.3977
342.6256 141.4818 138.2132 -0.0598 0.6045 0.6936 -0.3871
342.4367 142.1960 138.7925 -0.0467 0.6138 0.6908 -0.3793
342.2478 142.9103 139.3719 -0.0335 0.6229 0.6878 -0.3713
342.0589 143.6245 139.9513 -0.0203 0.6317 0.6845 -0.3632
341.8701 144.3387 140.5306 -0.0071 0.6404 0.6810 -0.3550
341.6812 145.0530 141.1100 0.0061 0.6488 0.6773 -0.3467
341.4923 145.7672 141.6894 0.0193 0.6571 0.6734 -0.3382
341.3035 146.4815 142.2687 0.0325 0.6651 0.6693 -0.3297
341.1146 147.1957 142.8481 0.0457 0.6729 0.6649 -0.3210
340.9257 147.9099 143.4275 0.0588 0.6805 0.6603 -0.3123
340.7369 148.6242 144.0068 0.0720 0.6878 0.6555 -0.3034
340.5480 149.3384 144.5862 0.0851 0.6949 0.6505 -0.2944
340.3591 150.0526 145.1656 0.0982 0.7018 0.6452 -0.2854
340.1702 150.7669 145.7449 0.1112 0.7085 0.6398 -0.2762
339.9814 151.4811 146.3243 0.1243 0.7150 0.6341 -0.2670
339.7925 152.1954 146.9037 0.1373 0.7212 0.6283 -0.2576
339.6036 152.9096 147.4830 0.1502 0.7271 0.6222 -0.2482
339.4148 153.6238 148.0624 0.1631 0.7328 0.6159 -0.2387
339.2259 154.3381 148.6418 0.1759 0.7383 0.6095 -0.2291
339.0370 155.0523 149.2211 0.1887 0.7436 0.6028 -0.2195
338.8482 155.7665 149.8005 0.2014 0.7486 0.5959 -0.2097
338.6593 156.4808 150.3799 0.2141 0.7533 0.5888 -0.1999
338.4704 157.1950 150.9592 0.2266 0.7578 0.5816 -0.1901
338.2815 157.9092 151.5386 0.2391 0.7621 0.5741 -0.1801
338.0927 158.6235 152.1180 0.2516 0.7661 0.5665 -0.1702
337.9038 159.3377 152.6973 0.2639 0.7698 0.5586 -0.1601
337.7149 160.0520 153.2767 0.2762 0.7733 0.5506 -0.1500
337.5261 160.7662 153.8561 0.2883 0.7766 0.5424 -0.1399
337.3372 161.4804 154.4354 0.3004 0.7796 0.5340 -0.1297
336.9595 162.9089 155.5942 0.3242 0.7848 0.5168 -0.1092
336.7706 163.6231 156.1735 0.3360 0.7870 0.5079 -0.0989
336.5817 164.3374 156.7529 0.3477 0.7890 0.4988 -0.0885
336.3929 165.0516 157.3323 0.3592 0.7907 0.4896 -0.0782
336.2040 165.7659 157.9116 0.3706 0.7921 0.4802 -0.0678
336.0151 166.4801 158.4910 0.3819 0.7933 0.4707 -0.0574
335.8262 167.1943 159.0704 0.3931 0.7942 0.4610 -0.0469
335.6374 167.9086 159.6497 0.4041 0.7949 0.4511 -0.0365
335.4485 168.6228 160.2291 0.4150 0.7953 0.4411 -0.0260
335.2596 169.3370 160.8085 0.4258 0.7954 0.4310 -0.0155
335.0708 170.0513 161.3878 0.4365 0.7953 0.4207 -0.0051
334.8819 170.7655 161.9672 0.4469 0.7949 0.4103 0.0054
334.6930 171.4798 162.5466 0.4573 0.7943 0.3997 0.0159
334.5042 172.1940 163.1259 0.4675 0.7934 0.3890 0.0264
334.3153 172.9082 163.7053 0.4775 0.7922 0.3782 0.0368
334.1264 173.6225 164.2847 0.4874 0.7908 0.3673 0.0473
333.9375 174.3367 164.8640 0.4971 0.7891 0.3562 0.0577
333.7487 175.0509 165.4434 0.5067 0.7871 0.3450 0.0681
333.5598 175.7652 166.0228 0.5161 0.7849 0.3338 0.0785
333.3709 176.4794 166.6021 0.5253 0.7825 0.3224 0.0889
333.1821 177.1936 167.1815 0.5344 0.7797 0.3108 0.0992
332.9932 177.9079 167.7609 0.5432 0.7768 0.2992 0.1095
332.8043 178.6221 168.3402 0.5519 0.7735 0.2875 0.1198
332.6155 179.3364 168.9196 0.5605 0.7700 0.2757 0.1300
332.4266 180.0506 169.4990 0.5688 0.7663 0.2638 0.1402
332.2377 180.7648 170.0783 0.5769 0.7623 0.2519 0.1504
332.0489 181.4791 170.6577 0.5849 0.7581 0.2398 0.1604
331.8600 182.1933 171.2371 0.5927 0.7536 0.2277 0.1705
331.6711 182.9075 171.8164 0.6002 0.7488 0.2154 0.1805
331.4822 183.6218 172.3958 0.6076 0.7438 0.2032 0.1904
331.2934 184.3360 172.9752 0.6148 0.7386 0.1908 0.2003
329.8469 186.5751 174.3292 0.6290 0.7265 0.1685 0.2196
328.7781 187.3858 174.5246 0.6294 0.7256 0.1711 0.2193
328.2438 187.7911 174.6223 0.6296 0.7251 0.1724 0.2192
327.7094 188.1964 174.7200 0.6299 0.7246 0.1737 0.2191
326.6406 189.0070 174.9153 0.6303 0.7237 0.1763 0.2189
326.1063 189.4124 175.0130 0.6305 0.7232 0.1776 0.2188
325.5719 189.8177 175.1107 0.6307 0.7227 0.1788 0.2187
324.5032 190.6283 175.3060 0.6312 0.7218 0.1814 0.2184
323.4344 191.4390 175.5014 0.6316 0.7208 0.1840 0.2182
322.3657 192.2496 175.6968 0.6320 0.7199 0.1866 0.2180
321.8313 192.6549 175.7944 0.6322 0.7194 0.1879 0.2178
321.2969 193.0602 175.8921 0.6324 0.7189 0.1892 0.2177
320.2282 193.8709 176.0875 0.6329 0.7179 0.1917 0.2175
319.6938 194.2762 176.1852 0.6331 0.7174 0.1930 0.2174
319.1594 194.6815 176.2828 0.6333 0.7169 0.1943 0.2173
318.0907 195.4921 176.4782 0.6337 0.7160 0.1969 0.2170
317.5563 195.8975 176.5759 0.6339 0.7155 0.1982 0.2169
317.0219 196.3028 176.6736 0.6341 0.7150 0.1995 0.2168
315.9532 197.1134 176.8689 0.6345 0.7140 0.2020 0.2165
314.8844 197.9241 177.0643 0.6349 0.7130 0.2046 0.2163
313.8157 198.7347 177.2596 0.6352 0.7120 0.2072 0.2160
313.2813 199.1400 177.3573 0.6354 0.7114 0.2085 0.2159
312.7470 199.5453 177.4550 0.6356 0.7109 0.2097 0.2158
311.6782 200.3560 177.6504 0.6360 0.7099 0.2123 0.2155
311.1438 200.7613 177.7480 0.6362 0.7094 0.2136 0.2154
310.6095 201.1666 177.8457 0.6364 0.7089 0.2149 0.2153
309.5407 201.9772 178.0411 0.6367 0.7079 0.2174 0.2150
309.0063 202.3826 178.1388 0.6369 0.7073 0.2187 0.2149
308.4720 202.7879 178.2364 0.6371 0.7068 0.2200 0.2148
307.4032 203.5985 178.4318 0.6374 0.7058 0.2225 0.2145
306.3345 204.4092 178.6272 0.6378 0.7047 0.2251 0.2143
305.2657 205.2198 178.8225 0.6381 0.7037 0.2276 0.2140
304.7314 205.6251 178.9202 0.6383 0.7031 0.2289 0.2139
304.1970 206.0304 179.0179 0.6385 0.7026 0.2302 0.2138
303.1282 206.8411 179.2132 0.6388 0.7016 0.2327 0.2135
302.5939 207.2464 179.3109 0.6390 0.7010 0.2340 0.2134
302.0595 207.6517 179.4086 0.6391 0.7005 0.2353 0.2132
300.9907 208.4623 179.6039 0.6395 0.6994 0.2378 0.2130
300.4564 208.8677 179.7016 0.6396 0.6989 0.2391 0.2128
299.9220 209.2730 179.7993 0.6398 0.6983 0.2404 0.2127
298.8533 210.0836 179.9947 0.6401 0.6972 0.2429 0.2124
297.7845 210.8943 180.1900 0.6404 0.6961 0.2455 0.2122
296.7158 211.7049 180.3854 0.6407 0.6951 0.2480 0.2119
296.1814 212.1102 180.4831 0.6409 0.6945 0.2493 0.2117
295.6470 212.5155 180.5807 0.6410 0.6939 0.2505 0.2116
294.5783 213.3262 180.7761 0.6413 0.6928 0.2531 0.2113
294.0439 213.7315 180.8738 0.6414 0.6923 0.2543 0.2112
293.5095 214.1368 180.9715 0.6416 0.6917 0.2556 0.2111
292.4408 214.9474 181.1668 0.6419 0.6906 0.2581 0.2108
291.9064 215.3528 181.2645 0.6420 0.6900 0.2594 0.2106
291.3720 215.7581 181.3622 0.6422 0.6895 0.2607 0.2105
290.3033 216.5687 181.5575 0.6424 0.6884 0.2632 0.2102
289.2345 217.3794 181.7529 0.6427 0.6872 0.2657 0.2099
288.1658 218.1900 181.9483 0.6430 0.6861 0.2682 0.2096
287.6314 218.5953 182.0459 0.6431 0.6855 0.2695 0.2095
287.0970 219.0006 182.1436 0.6432 0.6849 0.2708 0.2094
286.0283 219.8113 182.3390 0.6435 0.6838 0.2733 0.2091
285.4939 220.2166 182.4367 0.6436 0.6832 0.2745 0.2089
284.9596 220.6219 182.5343 0.6437 0.6826 0.2758 0.2088
283.8908 221.4326 182.7297 0.6440 0.6815 0.2783 0.2085
283.3564 221.8379 182.8274 0.6441 0.6809 0.2796 0.2083
282.8221 222.2432 182.9251 0.6442 0.6803 0.2808 0.2082
281.7533 223.0538 183.1204 0.6444 0.6791 0.2833 0.2079
280.6846 223.8645 183.3158 0.6447 0.6779 0.2858 0.2076
279.6158 224.6751 183.5111 0.6449 0.6768 0.2883 0.2073
279.0815 225.0804 183.6088 0.6450 0.6762 0.2896 0.2071
278.5471 225.4857 183.7065 0.6451 0.6756 0.2908 0.2070
277.4783 226.2964 183.9019 0.6453 0.6744 0.2933 0.2067
276.9440 226.7017 183.9995 0.6454 0.6738 0.2946 0.2065
276.4096 227.1070 184.0972 0.6455 0.6732 0.2958 0.2064
275.3408 227.9177 184.2926 0.6457 0.6720 0.2983 0.2061
274.8065 228.3230 184.3903 0.6458 0.6714 0.2996 0.2059
274.2721 228.7283 184.4879 0.6459 0.6708 0.3008 0.2058
273.2033 229.5389 184.6833 0.6461 0.6695 0.3033 0.2055
272.1346 230.3496 184.8787 0.6463 0.6683 0.3058 0.2052
271.0659 231.1602 185.0740 0.6465 0.6671 0.3083 0.2048
270.5315 231.5655 185.1717 0.6466 0.6665 0.3095 0.2047
269.9971 231.9708 185.2694 0.6467 0.6659 0.3108 0.2045
268.9284 232.7815 185.4647 0.6469 0.6646 0.3133 0.2042
268.3940 233.1868 185.5624 0.6469 0.6640 0.3145 0.2041
267.8596 233.5921 185.6601 0.6470 0.6634 0.3157 0.2039
266.7909 234.4028 185.8554 0.6472 0.6621 0.3182 0.2036
266.2565 234.8081 185.9531 0.6473 0.6615 0.3195 0.2034
265.7221 235.2134 186.0508 0.6473 0.6609 0.3207 0.2033
264.6534 236.0240 186.2462 0.6475 0.6596 0.3232 0.2029
263.5846 236.8347 186.4415 0.6476 0.6584 0.3256 0.2026
261.2062 237.4479 186.7136 0.6529 0.6555 0.3235 0.1983
259.8965 237.2505 186.7904 0.6580 0.6539 0.3189 0.1942
259.2417 237.1518 186.8287 0.6606 0.6531 0.3166 0.1922
258.5869 237.0532 186.8671 0.6631 0.6522 0.3142 0.1902
257.2772 236.8558 186.9438 0.6681 0.6505 0.3096 0.1861
256.6224 236.7571 186.9822 0.6706 0.6496 0.3072 0.1841
255.9675 236.6584 187.0206 0.6731 0.6488 0.3049 0.1820
254.6579 236.4610 187.0973 0.6780 0.6470 0.3002 0.1779
253.3482 236.2636 187.1741 0.6829 0.6451 0.2955 0.1738
252.0385 236.0662 187.2508 0.6877 0.6432 0.2907 0.1697
251.3837 235.9676 187.2892 0.6901 0.6423 0.2883 0.1676
250.7288 235.8689 187.3276 0.6925 0.6413 0.2860 0.1656
249.4192 235.6715 187.4043 0.6972 0.6393 0.2812 0.1614
248.7643 235.5728 187.4427 0.6996 0.6383 0.2788 0.1594
248.1095 235.4741 187.4810 0.7019 0.6373 0.2764 0.1573
246.7998 235.2767 187.5578 0.7066 0.6353 0.2716 0.1531
246.1450 235.1780 187.5961 0.7089 0.6342 0.2692 0.1510
245.4902 235.0793 187.6345 0.7112 0.6332 0.2667 0.1490
244.1805 234.8820 187.7113 0.7157 0.6310 0.2619 0.1448
242.8708 234.6846 187.7880 0.7202 0.6288 0.2570 0.1406
241.5611 234.4872 187.8647 0.7247 0.6266 0.2521 0.1364
240.9063 234.3885 187.9031 0.7269 0.6255 0.2497 0.1343
240.2515 234.2898 187.9415 0.7291 0.6243 0.2472 0.1322
238.9418 234.0924 188.0182 0.7335 0.6220 0.2423 0.1280
238.2870 233.9937 188.0566 0.7356 0.6209 0.2398 0.1259
237.6321 233.8950 188.0950 0.7378 0.6197 0.2374 0.1237
236.3224 233.6977 188.1717 0.7421 0.6173 0.2324 0.1195
235.6676 233.5990 188.2101 0.7442 0.6161 0.2299 0.1174
235.0128 233.5003 188.2484 0.7463 0.6149 0.2274 0.1153
233.7031 233.3029 188.3252 0.7504 0.6124 0.2225 0.1110
232.3934 233.1055 188.4019 0.7546 0.6099 0.2175 0.1068
231.0838 232.9081 188.4787 0.7586 0.6073 0.2124 0.1025
230.4289 232.8094 188.5170 0.7606 0.6060 0.2099 0.1004
229.7741 232.7108 188.5554 0.7626 0.6047 0.2074 0.0982
228.4644 232.5134 188.6322 0.7666 0.6021 0.2024 0.0940
227.1547 232.3160 188.7089 0.7705 0.5994 0.1973 0.0897
225.8451 232.1186 188.7856 0.7744 0.5967 0.1923 0.0854
225.1902 232.0199 188.8240 0.7763 0.5954 0.1897 0.0832
224.5354 231.9212 188.8624 0.7782 0.5940 0.1872 0.0811
223.2257 231.7238 188.9391 0.7820 0.5912 0.1821 0.0768
221.9161 231.5265 189.0159 0.7857 0.5884 0.1770 0.0725
220.6064 231.3291 189.0926 0.7893 0.5855 0.1719 0.0682
219.9516 231.2304 189.1310 0.7911 0.5840 0.1693 0.0660
219.2967 231.1317 189.1693 0.7929 0.5826 0.1667 0.0639
217.9870 230.9343 189.2461 0.7965 0.5796 0.1616 0.0595
217.3322 230.8356 189.2845 0.7982 0.5781 0.1590 0.0574
216.6774 230.7369 189.3228 0.8000 0.5766 0.1564 0.0552
215.3677 230.5395 189.3996 0.8034 0.5736 0.1513 0.0509
214.7129 230.4409 189.4379 0.8051 0.5721 0.1487 0.0487
214.0580 230.3422 189.4763 0.8068 0.5706 0.1461 0.0466
212.7484 230.1448 189.5530 0.8102 0.5675 0.1409 0.0422
211.4387 229.9474 189.6298 0.8134 0.5643 0.1357 0.0379
210.1290 229.7500 189.7065 0.8167 0.5611 0.1306 0.0336
209.4742 229.6513 189.7449 0.8183 0.5595 0.1279 0.0314
208.8193 229.5526 189.7833 0.8198 0.5579 0.1253 0.0292
207.5097 229.3553 189.8600 0.8230 0.5547 0.1201 0.0249
206.8548 229.2566 189.8984 0.8245 0.5530 0.1175 0.0227
206.2000 229.1579 189.9368 0.8260 0.5514 0.1149 0.0205
204.8903 228.9605 190.0135 0.8290 0.5481 0.1097 0.0162
204.2355 228.8618 190.0519 0.8305 0.5464 0.1071 0.0140
203.5807 228.7631 190.0902 0.8320 0.5447 0.1044 0.0118
202.2710 228.5657 190.1670 0.8349 0.5413 0.0992 0.0075
200.9613 228.3683 190.2437 0.8378 0.5379 0.0939 0.0031
199.6516 228.1710 190.3205 0.8405 0.5344 0.0887 -0.0012
198.9968 228.0723 190.3588 0.8419 0.5327 0.0861 -0.0034
198.3420 227.9736 190.3972 0.8433 0.5309 0.0834 -0.0055
197.0323 227.7762 190.4739 0.8460 0.5274 0.0782 -0.0099
196.3775 227.6775 190.5123 0.8473 0.5256 0.0755 -0.0121
195.7226 227.5788 190.5507 0.8486 0.5238 0.0729 -0.0142
194.4129 227.3814 190.6274 0.8512 0.5202 0.0676 -0.0186
193.7581 227.2827 190.6658 0.8524 0.5184 0.0650 -0.0208
193.1033 227.1840 190.7042 0.8537 0.5166 0.0623 -0.0229
191.7936 226.9867 190.7809 0.8561 0.5129 0.0570 -0.0273
190.4839 226.7893 190.8576 0.8585 0.5092 0.0517 -0.0316
189.1743 226.5919 190.9344 0.8609 0.5054 0.0464 -0.0360
188.5194 226.4932 190.9728 0.8620 0.5036 0.0438 -0.0381
187.8646 226.3945 191.0111 0.8631 0.5017 0.0411 -0.0403
186.5549 226.1971 191.0879 0.8654 0.4979 0.0358 -0.0446
185.2452 225.9998 191.1646 0.8675 0.4940 0.0305 -0.0490
183.9356 225.8024 191.2413 0.8697 0.4901 0.0252 -0.0533
183.2807 225.7037 191.2797 0.8707 0.4882 0.0226 -0.0554
182.6259 225.6050 191.3181 0.8717 0.4862 0.0199 -0.0576
181.3162 225.4076 191.3948 0.8737 0.4823 0.0146 -0.0619
180.0066 225.2102 191.4716 0.8756 0.4783 0.0093 -0.0662
177.6585 225.2771 191.4055 -0.8806 -0.4683 -0.0014 0.0720
176.6201 225.5413 191.2626 -0.8837 -0.4623 0.0013 0.0735
175.5817 225.8055 191.1198 -0.8866 -0.4563 0.0039 0.0749
174.5433 226.0697 190.9769 -0.8896 -0.4503 0.0066 0.0764
174.0241 226.2018 190.9055 -0.8911 -0.4472 0.0079 0.0771
173.5049 226.3339 190.8341 -0.8925 -0.4442 0.0092 0.0778
172.4665 226.5981 190.6912 -0.8953 -0.4381 0.0119 0.0792
171.4281 226.8623 190.5484 -0.8981 -0.4320 0.0145 0.0807
170.3897 227.1265 190.4055 -0.9009 -0.4258 0.0172 0.0821
169.8705 227.2586 190.3341 -0.9023 -0.4228 0.0185 0.0828
169.3513 227.3907 190.2627 -0.9036 -0.4197 0.0198 0.0835
168.3129 227.6549 190.1198 -0.9063 -0.4135 0.0224 0.0850
167.2745 227.9191 189.9770 -0.9089 -0.4073 0.0251 0.0864
166.2361 228.1833 189.8342 -0.9114 -0.4011 0.0277 0.0878
165.1977 228.4475 189.6913 -0.9139 -0.3948 0.0303 0.0892
164.1593 228.7117 189.5485 -0.9164 -0.3885 0.0330 0.0906
163.1209 228.9759 189.4056 -0.9188 -0.3822 0.0356 0.0920
161.1307 228.9983 188.5729 -0.9240 -0.3719 0.0545 0.0699
160.1788 228.7565 187.8830 -0.9261 -0.3677 0.0707 0.0464
159.2270 228.5147 187.1931 -0.9274 -0.3631 0.0868 0.0229
158.2752 228.2728 186.5033 -0.9280 -0.3582 0.1029 -0.0007
157.7993 228.1519 186.1583 -0.9279 -0.3556 0.1109 -0.0125
157.3234 228.0310 185.8134 -0.9277 -0.3530 0.1189 -0.0243
156.3716 227.7892 185.1235 -0.9267 -0.3475 0.1348 -0.0479
155.4197 227.5474 184.4336 -0.9249 -0.3417 0.1506 -0.0714
154.4679 227.3055 183.7437 -0.9223 -0.3357 0.1662 -0.0948
153.9920 227.1846 183.3988 -0.9208 -0.3325 0.1740 -0.1065
153.5161 227.0637 183.0539 -0.9190 -0.3293 0.1817 -0.1182
152.5643 226.8219 182.3640 -0.9149 -0.3227 0.1971 -0.1415
151.6125 226.5801 181.6741 -0.9100 -0.3158 0.2123 -0.1646
150.6606 226.3382 180.9842 -0.9044 -0.3086 0.2273 -0.1877
150.1847 226.2173 180.6393 -0.9013 -0.3050 0.2347 -0.1991
149.7088 226.0964 180.2944 -0.8980 -0.3012 0.2421 -0.2105
148.7570 225.8546 179.6045 -0.8908 -0.2935 0.2567 -0.2332
147.8052 225.6127 178.9146 -0.8829 -0.2856 0.2711 -0.2557
146.8534 225.3709 178.2247 -0.8743 -0.2775 0.2853 -0.2780
146.3775 225.2500 177.8798 -0.8697 -0.2733 0.2923 -0.2890
145.9016 225.1291 177.5348 -0.8649 -0.2691 0.2992 -0.3000
144.9497 224.8873 176.8450 -0.8548 -0.2605 0.3129 -0.3218
143.9979 224.6454 176.1551 -0.8440 -0.2516 0.3263 -0.3434
143.0461 224.4036 175.4652 -0.8324 -0.2426 0.3395 -0.3646
142.5702 224.2827 175.1203 -0.8264 -0.2380 0.3460 -0.3751
142.0943 224.1618 174.7753 -0.8202 -0.2333 0.3524 -0.3855
141.1425 223.9200 174.0855 -0.8073 -0.2239 0.3649 -0.4061
140.1906 223.6781 173.3956 -0.7937 -0.2143 0.3772 -0.4264
139.2388 223.4363 172.7057 -0.7795 -0.2045 0.3891 -0.4463
138.7629 223.3154 172.3608 -0.7721 -0.1995 0.3950 -0.4561
138.2870 223.1945 172.0158 -0.7646 -0.1945 0.4008 -0.4658
137.3352 222.9527 171.3259 -0.7490 -0.1843 0.4120 -0.4850
136.3834 222.7108 170.6361 -0.7328 -0.1740 0.4230 -0.5037
135.4315 222.4690 169.9462 -0.7161 -0.1636 0.4336 -0.5220
134.9556 222.3481 169.6012 -0.7074 -0.1583 0.4387 -0.5310
134.4797 222.2272 169.2563 -0.6987 -0.1530 0.4438 -0.5399
133.5279 221.9853 168.5664 -0.6807 -0.1423 0.4536 -0.5573
132.5761 221.7435 167.8766 -0.6621 -0.1315 0.4631 -0.5743
131.3122 219.7966 166.7990 0.6295 0.1571 -0.4858 0.5856
131.1562 218.9441 166.6052 0.6224 0.1754 -0.4923 0.5827
131.0002 218.0915 166.4114 0.6149 0.1935 -0.4986 0.5795
130.8442 217.2390 166.2175 0.6072 0.2115 -0.5046 0.5760
130.6882 216.3865 166.0237 0.5993 0.2295 -0.5105 0.5723
130.5322 215.5339 165.8299 0.5911 0.2474 -0.5161 0.5684
130.3761 214.6814 165.6361 0.5826 0.2651 -0.5215 0.5642
130.2201 213.8288 165.4422 0.5739 0.2828 -0.5267 0.5598
130.0641 212.9763 165.2484 0.5649 0.3003 -0.5316 0.5551
129.9081 212.1237 165.0546 0.5556 0.3177 -0.5364 0.5502
129.7521 211.2712 164.8608 0.5462 0.3349 -0.5408 0.5450
129.5961 210.4187 164.6669 0.5365 0.3520 -0.5451 0.5396
129.4401 209.5661 164.4731 0.5265 0.3689 -0.5491 0.5340
129.1280 207.8610 164.0855 0.5060 0.4024 -0.5564 0.5220
128.9720 207.0085 163.8916 0.4954 0.4188 -0.5597 0.5157
128.8160 206.1560 163.6978 0.4846 0.4351 -0.5628 0.5092
128.6600 205.3034 163.5040 0.4735 0.4511 -0.5656 0.5024
128.5040 204.4509 163.3102 0.4623 0.4670 -0.5681 0.4954
128.3479 203.5983 163.1164 0.4508 0.4827 -0.5704 0.4882
128.1919 202.7458 162.9225 0.4392 0.4982 -0.5725 0.4808
128.0359 201.8933 162.7287 0.4274 0.5134 -0.5743 0.4732
127.8799 201.0407 162.5349 0.4154 0.5285 -0.5759 0.4654
127.7239 200.1882 162.3411 0.4032 0.5433 -0.5772 0.4573
127.5679 199.3356 162.1472 0.3908 0.5578 -0.5783 0.4491
127.4118 198.4831 161.9534 0.3783 0.5721 -0.5791 0.4407
127.2558 197.6306 161.7596 0.3656 0.5862 -0.5797 0.4321
127.0998 196.7780 161.5658 0.3527 0.6000 -0.5800 0.4233
126.9438 195.9255 161.3719 0.3397 0.6136 -0.5800 0.4143
126.4978 193.0225 160.2293 0.3709 0.6055 -0.5616 0.4246
126.4308 192.4236 159.8518 0.3990 0.5870 -0.5516 0.4381
126.3639 191.8247 159.4743 0.4266 0.5677 -0.5407 0.4510
126.2969 191.2258 159.0968 0.4535 0.5475 -0.5291 0.4633
126.2299 190.6268 158.7193 0.4797 0.5266 -0.5167 0.4749
126.0959 189.4290 157.9644 0.5302 0.4826 -0.4898 0.4961
126.0290 188.8301 157.5869 0.5544 0.4595 -0.4753 0.5056
125.9620 188.2311 157.2094 0.5777 0.4358 -0.4601 0.5144
125.8950 187.6322 156.8319 0.6002 0.4115 -0.4443 0.5225
125.8280 187.0333 156.4544 0.6219 0.3866 -0.4278 0.5299
125.7611 186.4344 156.0769 0.6427 0.3612 -0.4107 0.5365
125.6941 185.8354 155.6994 0.6626 0.3352 -0.3931 0.5423
125.1502 183.6774 155.6954 -0.7088 -0.2998 0.3343 -0.5440
124.7402 182.7173 156.4464 -0.7175 -0.3174 0.3121 -0.5359
124.5352 182.2372 156.8219 -0.7215 -0.3260 0.3009 -0.5316
124.3302 181.7572 157.1974 -0.7254 -0.3346 0.2896 -0.5272
123.9203 180.7970 157.9484 -0.7327 -0.3516 0.2668 -0.5180
123.7153 180.3169 158.3238 -0.7361 -0.3600 0.2554 -0.5132
123.5103 179.8369 158.6993 -0.7393 -0.3683 0.2438 -0.5084
123.1003 178.8767 159.4503 -0.7451 -0.3846 0.2206 -0.4982
122.6904 177.9166 160.2013 -0.7503 -0.4005 0.1971 -0.4876
122.2804 176.9564 160.9523 -0.7548 -0.4161 0.1735 -0.4765
122.0754 176.4764 161.3278 -0.7568 -0.4237 0.1616 -0.4708
121.8704 175.9963 161.7033 -0.7586 -0.4312 0.1497 -0.4650
121.4605 175.0361 162.4542 -0.7616 -0.4460 0.1258 -0.4530
121.2555 174.5561 162.8297 -0.7628 -0.4532 0.1137 -0.4469
121.0505 174.0760 163.2052 -0.7639 -0.4603 0.1017 -0.4407
120.6405 173.1159 163.9562 -0.7655 -0.4742 0.0776 -0.4279
120.4356 172.6358 164.3317 -0.7661 -0.4810 0.0654 -0.4213
120.2306 172.1557 164.7072 -0.7664 -0.4877 0.0533 -0.4147
119.8206 171.1956 165.4582 -0.7666 -0.5007 0.0290 -0.4011
119.4106 170.2354 166.2091 -0.7660 -0.5132 0.0047 -0.3871
119.0007 169.2753 166.9601 -0.7647 -0.5253 -0.0196 -0.3727
118.7957 168.7952 167.3356 -0.7638 -0.5311 -0.0317 -0.3654
118.5907 168.3151 167.7111 -0.7627 -0.5368 -0.0439 -0.3580
118.1807 167.3550 168.4621 -0.7600 -0.5478 -0.0681 -0.3430
117.9758 166.8749 168.8376 -0.7583 -0.5532 -0.0802 -0.3354
117.7708 166.3949 169.2131 -0.7565 -0.5584 -0.0923 -0.3277
117.3608 165.4347 169.9640 -0.7524 -0.5684 -0.1164 -0.3120
117.1558 164.9546 170.3395 -0.7500 -0.5732 -0.1284 -0.3041
116.9509 164.4746 170.7150 -0.7475 -0.5778 -0.1404 -0.2960
116.5409 163.5144 171.4660 -0.7419 -0.5867 -0.1642 -0.2798
116.1309 162.5543 172.2170 -0.7357 -0.5951 -0.1879 -0.2633
115.7210 161.5941 172.9680 -0.7287 -0.6029 -0.2114 -0.2466
115.5160 161.1141 173.3435 -0.7250 -0.6066 -0.2231 -0.2381
115.3110 160.6340 173.7189 -0.7211 -0.6101 -0.2348 -0.2296
114.9010 159.6738 174.4699 -0.7127 -0.6168 -0.2579 -0.2124
114.4911 158.7137 175.2209 -0.7037 -0.6229 -0.2807 -0.1950
114.0811 157.7536 175.9719 -0.6940 -0.6283 -0.3033 -0.1774
113.8761 157.2735 176.3474 -0.6890 -0.6309 -0.3145 -0.1686
113.6711 156.7934 176.7229 -0.6837 -0.6332 -0.3256 -0.1597
113.2612 155.8333 177.4738 -0.6728 -0.6375 -0.3476 -0.1418
112.8512 154.8731 178.2248 -0.6612 -0.6412 -0.3693 -0.1237
111.8362 152.8277 178.6791 -0.6541 -0.6406 -0.3884 -0.1050
111.2312 151.7425 178.3824 -0.6591 -0.6368 -0.3861 -0.1043
110.9287 151.1998 178.2341 -0.6617 -0.6350 -0.3850 -0.1040
110.6262 150.6572 178.0857 -0.6642 -0.6331 -0.3838 -0.1037
110.0212 149.5720 177.7891 -0.6692 -0.6292 -0.3815 -0.1031
109.7187 149.0293 177.6407 -0.6718 -0.6273 -0.3803 -0.1028
109.4162 148.4867 177.4924 -0.6742 -0.6254 -0.3792 -0.1025
108.8112 147.4014 177.1957 -0.6792 -0.6215 -0.3768 -0.1018
108.2062 146.3162 176.8990 -0.6842 -0.6176 -0.3744 -0.1012
107.6012 145.2309 176.6023 -0.6891 -0.6137 -0.3721 -0.1006
107.2987 144.6883 176.4540 -0.6915 -0.6117 -0.3709 -0.1002
106.9961 144.1457 176.3056 -0.6940 -0.6097 -0.3697 -0.0999
106.3911 143.0604 176.0089 -0.6988 -0.6058 -0.3673 -0.0993
105.7861 141.9751 175.7123 -0.7036 -0.6018 -0.3648 -0.0986
105.1811 140.8899 175.4156 -0.7084 -0.5977 -0.3624 -0.0979
104.8786 140.3473 175.2672 -0.7108 -0.5957 -0.3611 -0.0976
104.5761 139.8046 175.1189 -0.7132 -0.5936 -0.3599 -0.0973
103.9711 138.7194 174.8222 -0.7179 -0.5896 -0.3574 -0.0966
103.3661 137.6341 174.5255 -0.7226 -0.5854 -0.3549 -0.0959
102.7611 136.5489 174.2288 -0.7272 -0.5813 -0.3524 -0.0952
102.4586 136.0062 174.0805 -0.7295 -0.5792 -0.3512 -0.0949
102.1561 135.4636 173.9321 -0.7318 -0.5771 -0.3499 -0.0946
101.5511 134.3783 173.6355 -0.7364 -0.5729 -0.3473 -0.0939
101.2486 133.8357 173.4871 -0.7387 -0.5708 -0.3461 -0.0935
100.9461 133.2931 173.3388 -0.7410 -0.5687 -0.3448 -0.0932
100.3410 132.2078 173.0421 -0.7455 -0.5644 -0.3422 -0.0925
100.0385 131.6652 172.8937 -0.7477 -0.5623 -0.3409 -0.0921
99.7360 131.1226 172.7454 -0.7500 -0.5602 -0.3396 -0.0918
99.1310 130.0373 172.4487 -0.7544 -0.5559 -0.3370 -0.0911
98.5260 128.9521 172.1520 -0.7588 -0.5515 -0.3344 -0.0904
97.9210 127.8668 171.8553 -0.7632 -0.5472 -0.3317 -0.0897
97.6185 127.3242 171.7070 -0.7654 -0.5450 -0.3304 -0.0893
97.3160 126.7815 171.5587 -0.7676 -0.5428 -0.3291 -0.0889
96.7110 125.6963 171.2620 -0.7719 -0.5384 -0.3264 -0.0882
96.1060 124.6110 170.9653 -0.7762 -0.5340 -0.3237 -0.0875
95.5010 123.5258 170.6686 -0.7804 -0.5295 -0.3210 -0.0868
95.1985 122.9831 170.5203 -0.7825 -0.5273 -0.3197 -0.0864
94.8960 122.4405 170.3719 -0.7846 -0.5250 -0.3183 -0.0860
94.2909 121.3553 170.0752 -0.7888 -0.5205 -0.3156 -0.0853
93.6859 120.2700 169.7785 -0.7929 -0.5160 -0.3128 -0.0846
93.0809 119.1847 169.4819 -0.7970 -0.5115 -0.3101 -0.0838
92.7784 118.6421 169.3335 -0.7990 -0.5092 -0.3087 -0.0834
92.4759 118.0995 169.1852 -0.8011 -0.5069 -0.3073 -0.0831
91.8709 117.0142 168.8885 -0.8051 -0.5023 -0.3045 -0.0823
91.5684 116.4716 168.7401 -0.8071 -0.5000 -0.3031 -0.0819
91.2659 115.9290 168.5918 -0.8091 -0.4977 -0.3017 -0.0815
90.6609 114.8437 168.2951 -0.8130 -0.4930 -0.2989 -0.0808
90.3584 114.3011 168.1468 -0.8150 -0.4907 -0.2975 -0.0804
90.0559 113.7584 167.9984 -0.8170 -0.4884 -0.2961 -0.0800
89.4509 112.6732 167.7017 -0.8208 -0.4837 -0.2933 -0.0793
88.8459 111.5879 167.4051 -0.8247 -0.4790 -0.2904 -0.0785
88.2408 110.5027 167.1084 -0.8285 -0.4743 -0.2875 -0.0777
87.9383 109.9600 166.9600 -0.8304 -0.4719 -0.2861 -0.0773
87.6358 109.4174 166.8117 -0.8322 -0.4695 -0.2847 -0.0769
87.0308 108.3322 166.5150 -0.8360 -0.4647 -0.2818 -0.0762
86.4258 107.2469 166.2183 -0.8396 -0.4599 -0.2789 -0.0754
85.8208 106.1616 165.9216 -0.8433 -0.4551 -0.2759 -0.0746
85.5183 105.6190 165.7733 -0.8451 -0.4527 -0.2745 -0.0742
85.2158 105.0764 165.6249 -0.8469 -0.4503 -0.2730 -0.0738
84.6108 103.9911 165.3283 -0.8505 -0.4454 -0.2701 -0.0730
84.0058 102.9059 165.0316 -0.8540 -0.4406 -0.2671 -0.0722
83.4008 101.8206 164.7349 -0.8575 -0.4357 -0.2641 -0.0714
83.0983 101.2780 164.5865 -0.8592 -0.4332 -0.2626 -0.0710
82.7958 100.7354 164.4382 -0.8610 -0.4308 -0.2612 -0.0706
82.1908 99.6501 164.1415 -0.8644 -0.4258 -0.2582 -0.0698
81.5857 98.5648 163.8448 -0.8678 -0.4209 -0.2552 -0.0690
80.9807 97.4796 163.5481 -0.8711 -0.4159 -0.2521 -0.0681
80.6782 96.9370 163.3998 -0.8727 -0.4134 -0.2506 -0.0677
80.3757 96.3943 163.2514 -0.8744 -0.4109 -0.2491 -0.0673
79.7707 95.3091 162.9548 -0.8776 -0.4059 -0.2461 -0.0665
79.1657 94.2238 162.6581 -0.8809 -0.4009 -0.2430 -0.0657
78.5607 93.1386 162.3614 -0.8840 -0.3958 -0.2400 -0.0649
78.2582 92.5959 162.2130 -0.8856 -0.3933 -0.2384 -0.0644
77.9557 92.0533 162.0647 -0.8872 -0.3908 -0.2369 -0.0640
77.3507 90.9680 161.7680 -0.8903 -0.3857 -0.2338 -0.0632
76.7457 89.8828 161.4713 -0.8933 -0.3806 -0.2307 -0.0624
76.1407 88.7975 161.1746 -0.8963 -0.3754 -0.2276 -0.0615
75.8382 88.2549 161.0263 -0.8978 -0.3729 -0.2261 -0.0611
75.5356 87.7123 160.8780 -0.8993 -0.3703 -0.2245 -0.0607
74.9306 86.6270 160.5813 -0.9023 -0.3652 -0.2214 -0.0598
74.3256 85.5417 160.2846 -0.9051 -0.3600 -0.2183 -0.0590
73.7206 84.4565 159.9879 -0.9080 -0.3548 -0.2151 -0.0581
73.4181 83.9139 159.8396 -0.9094 -0.3522 -0.2135 -0.0577
73.1156 83.3712 159.6912 -0.9108 -0.3496 -0.2120 -0.0573
72.5106 82.2860 159.3945 -0.9136 -0.3444 -0.2088 -0.0564
72.2081 81.7433 159.2462 -0.9149 -0.3418 -0.2072 -0.0560
71.9056 81.2007 159.0978 -0.9163 -0.3391 -0.2056 -0.0556
71.3006 80.1155 158.8012 -0.9190 -0.3339 -0.2024 -0.0547
70.9981 79.5728 158.6528 -0.9203 -0.3313 -0.2008 -0.0543
70.6956 79.0302 158.5045 -0.9216 -0.3286 -0.1992 -0.0538
70.0906 77.9449 158.2078 -0.9242 -0.3234 -0.1960 -0.0530
69.4855 76.8597 157.9111 -0.9268 -0.3181 -0.1928 -0.0521
68.8805 75.7744 157.6144 -0.9293 -0.3128 -0.1896 -0.0512
68.5780 75.2318 157.4661 -0.9305 -0.3101 -0.1880 -0.0508
68.2755 74.6892 157.3177 -0.9318 -0.3074 -0.1864 -0.0504
67.6705 73.6039 157.0210 -0.9342 -0.3021 -0.1832 -0.0495
67.0655 72.5187 156.7244 -0.9366 -0.2967 -0.1799 -0.0486
66.4605 71.4334 156.4277 -0.9389 -0.2914 -0.1767 -0.0477
66.1580 70.8908 156.2793 -0.9401 -0.2887 -0.1750 -0.0473
65.8555 70.3481 156.1310 -0.9412 -0.2860 -0.1734 -0.0469
65.2505 69.2629 155.8343 -0.9435 -0.2806 -0.1701 -0.0460
64.6455 68.1776 155.5376 -0.9457 -0.2752 -0.1668 -0.0451
64.0405 67.0924 155.2409 -0.9479 -0.2698 -0.1636 -0.0442
63.7380 66.5497 155.0926 -0.9490 -0.2671 -0.1619 -0.0438
63.4355 66.0071 154.9442 -0.9500 -0.2644 -0.1603 -0.0433
62.8304 64.9219 154.6476 -0.9521 -0.2589 -0.1570 -0.0424
62.2254 63.8366 154.3509 -0.9542 -0.2535 -0.1537 -0.0415
61.6204 62.7513 154.0542 -0.9562 -0.2480 -0.1504 -0.0406
61.3179 62.2087 153.9058 -0.9571 -0.2453 -0.1487 -0.0402
61.0154 61.6661 153.7575 -0.9581 -0.2425 -0.1470 -0.0397
60.4104 60.5808 153.4608 -0.9600 -0.2370 -0.1437 -0.0388
59.8054 59.4956 153.1641 -0.9619 -0.2315 -0.1404 -0.0379
59.2004 58.4103 152.8674 -0.9637 -0.2260 -0.1370 -0.0370
58.8979 57.8677 152.7191 -0.9646 -0.2233 -0.1354 -0.0366
58.5954 57.3250 152.5708 -0.9655 -0.2205 -0.1337 -0.0361
57.9904 56.2398 152.2741 -0.9672 -0.2150 -0.1303 -0.0352
57.3854 55.1545 151.9774 -0.9689 -0.2095 -0.1270 -0.0343
56.7803 54.0693 151.6807 -0.9706 -0.2039 -0.1236 -0.0334
56.4778 53.5266 151.5324 -0.9714 -0.2011 -0.1219 -0.0330
56.1753 52.9840 151.3840 -0.9722 -0.1984 -0.1203 -0.0325
55.5703 51.8988 151.0873 -0.9737 -0.1928 -0.1169 -0.0316
54.9653 50.8135 150.7906 -0.9753 -0.1872 -0.1135 -0.0307
54.3603 49.7282 150.4940 -0.9767 -0.1816 -0.1101 -0.0298
54.0578 49.1856 150.3456 -0.9774 -0.1788 -0.1084 -0.0293
53.7553 48.6430 150.1973 -0.9782 -0.1760 -0.1067 -0.0288
53.1503 47.5577 149.9006 -0.9795 -0.1704 -0.1033 -0.0279
52.8478 47.0151 149.7522 -0.9802 -0.1676 -0.1016 -0.0275
52.5453 46.4725 149.6039 -0.9809 -0.1648 -0.0999 -0.0270
51.9403 45.3872 149.3072 -0.9822 -0.1592 -0.0965 -0.0261
51.6378 44.8446 149.1589 -0.9828 -0.1564 -0.0948 -0.0256
51.3353 44.3020 149.0105 -0.9834 -0.1536 -0.0931 -0.0252
50.7303 43.2167 148.7138 -0.9846 -0.1480 -0.0897 -0.0242
50.1252 42.1314 148.4171 -0.9858 -0.1423 -0.0863 -0.0233
49.5202 41.0462 148.1205 -0.9869 -0.1367 -0.0829 -0.0224
49.2177 40.5036 147.9721 -0.9874 -0.1339 -0.0812 -0.0219
48.9152 39.9609 147.8238 -0.9880 -0.1310 -0.0794 -0.0215
48.3102 38.8757 147.5271 -0.9890 -0.1254 -0.0760 -0.0205
47.7052 37.7904 147.2304 -0.9900 -0.1197 -0.0726 -0.0196
47.1002 36.7052 146.9337 -0.9909 -0.1141 -0.0692 -0.0187
46.7977 36.1625 146.7854 -0.9913 -0.1112 -0.0674 -0.0182
46.4952 35.6199 146.6370 -0.9918 -0.1084 -0.0657 -0.0178
45.8902 34.5346 146.3403 -0.9926 -0.1027 -0.0623 -0.0168
45.2852 33.4494 146.0437 -0.9934 -0.0970 -0.0588 -0.0159
44.6802 32.3641 145.7470 -0.9942 -0.0913 -0.0554 -0.0150
44.3776 31.8215 145.5986 -0.9945 -0.0885 -0.0537 -0.0145
44.0751 31.2789 145.4503 -0.9949 -0.0857 -0.0519 -0.0140
43.4701 30.1936 145.1536 -0.9955 -0.0800 -0.0485 -0.0131
42.8651 29.1083 144.8569 -0.9961 -0.0743 -0.0450 -0.0122
42.2601 28.0231 144.5602 -0.9967 -0.0686 -0.0416 -0.0112
41.9576 27.4805 144.4119 -0.9970 -0.0657 -0.0398 -0.0108
41.6551 26.9378 144.2635 -0.9972 -0.0629 -0.0381 -0.0103
41.0501 25.8526 143.9669 -0.9977 -0.0572 -0.0347 -0.0094
40.4451 24.7673 143.6702 -0.9982 -0.0515 -0.0312 -0.0084
39.8401 23.6821 143.3735 -0.9985 -0.0457 -0.0277 -0.0075
39.5376 23.1394 143.2251 -0.9987 -0.0429 -0.0260 -0.0070
39.2351 22.5968 143.0768 -0.9989 -0.0400 -0.0243 -0.0066
38.6301 21.5115 142.7801 -0.9992 -0.0343 -0.0208 -0.0056
38.0250 20.4263 142.4834 -0.9994 -0.0286 -0.0173 -0.0047
37.4200 19.3410 142.1867 -0.9996 -0.0229 -0.0139 -0.0037
37.1175 18.7984 142.0384 -0.9997 -0.0200 -0.0121 -0.0033
36.8150 18.2558 141.8901 -0.9998 -0.0172 -0.0104 -0.0028
36.2100 17.1705 141.5934 -0.9999 -0.0114 -0.0069 -0.0019
35.6050 16.0853 141.2967 -1.0000 -0.0057 -0.0035 -0.0009
35.0000 15.0000 141.0000 1.0000 0.0000 0.0000 0.0000
